Samples	SBS96A	SBS96B	SBS96C	SBS96D	SBS96E
OGG1_boot	4.549462149690437e-105	4.465400568541478e-220	0.054584745779115075	1.166114160666254e-138	0.9454152542208849
OGG1_boot.1	2.0703321700824162e-107	3.0346791980863853e-45	0.09211352652012364	0.02740827869218918	0.8804781947876871
OGG1_boot.2	3.857482765453544e-78	1.595216963053956e-57	0.012932737008457363	0.11580916928301063	0.8712580937085319
OGG1_boot.3	1.9425470739967423e-123	0.007536561170306568	0.05997451046941189	0.09301664635570064	0.8394722820045809
OGG1_boot.4	0.0005233970029820545	0.09220557036503695	0.03367826560549545	0.13847695314856354	0.7351158138779219
OGG1_boot.5	2.7805477834403015e-28	8.812592064773255e-107	0.08430774211515195	3.6946532979630603e-184	0.9156922578848481
OGG1_boot.6	0.004095660981746191	3.2587595068623625e-86	0.06291897259428805	0.06842478392358602	0.8645605825003798
OGG1_boot.7	1.2859930026819632e-22	6.44983708792224e-54	0.06731686352311957	0.05268051261563581	0.8800026238612446
OGG1_boot.8	1.566970696047738e-98	2.893607690787539e-44	0.05544347069244166	0.10858317161230917	0.835973357695249
OGG1_boot.9	4.5234671633566954e-29	0.04297190763947635	0.061353496996501104	0.11927359089320128	0.7764010044708212
OGG1_boot.10	1.822672564519005e-05	0.044368317009939394	0.005381869179998031	0.06655572655513614	0.8836758605292812
OGG1_boot.11	8.791727875864692e-50	0.15179722501708096	1.7545788620216536e-195	0.10293966269101788	0.7452631122919012
OGG1_boot.12	1.4305454495653028e-30	4.013641109602685e-53	0.055710130516165156	0.05669647280764385	0.8875933966761909
OGG1_boot.13	6.7195549376664784e-71	7.280182516179024e-73	0.04947317189664984	0.07979819422147433	0.8707286338818759
OGG1_boot.14	0.016037695765803047	0.1127945862961771	0.04780185500314939	0.06344729380654021	0.7599185691283302
OGG1_boot.15	7.810544574095374e-51	0.13232203733620493	0.027178803884715757	0.11917719643650873	0.7213219623425706
OGG1_boot.16	8.788807152706714e-74	1.3287825861203244e-144	0.07054240438569745	2.4787183823957164e-239	0.9294575956143025
OGG1_boot.17	3.489418452187202e-114	0.000195236227889349	0.07581715974195406	0.12354760797744001	0.8004399960527167
OGG1_boot.18	2.145645999830217e-123	0.24223252039227905	0.060199572989279665	3.9856494766196765e-44	0.6975679066184414
OGG1_boot.19	0.0016648717069666645	0.18493351951767723	0.047518872872036044	0.047631498229153024	0.718251237674167
OGG1_boot.20	0.05032790064002319	0.0014632633114526454	0.017019242836067806	0.11395212535048937	0.8172374678619669
OGG1_boot.21	6.762337636021657e-61	5.787652116146016e-104	0.020570824339496935	0.05953393571690334	0.9198952399435997
OGG1_boot.22	0.0394831901724562	0.05808052369733347	0.060470746086443525	0.11420849174848913	0.7277570482952775
OGG1_boot.23	8.886835177449988e-65	1.9268466115071305e-50	0.06404822264566779	0.08154846221502003	0.8544033151393121
OGG1_boot.24	0.09606654907472098	6.490752217300184e-40	0.10656143632073219	0.018483213428940257	0.7788888011756067
OGG1_boot.25	1.0821148129852203e-82	2.9357234375823316e-22	0.08630582522998943	0.10650693216569791	0.8071872426043125
OGG1_boot.26	3.548176507921855e-65	0.001022370303893488	0.0717614115973657	0.12211746449316989	0.8050987536055708
OGG1_boot.27	7.381789177254655e-112	0.1165577212729283	0.026092780020241162	0.04001787706872242	0.8173316216381081
OGG1_boot.28	0.09912407342325169	1.3860883803834216e-89	0.017107485637551854	0.05350568085367753	0.8302627600855189
OGG1_boot.29	1.4426061676676097e-106	4.457655994315197e-78	0.06172243022374907	0.07082156954877528	0.8674560002274756
OGG1_boot.30	2.7073222574917307e-241	6.649059775552647e-107	0.04924241631782906	0.05275617034896351	0.8980014133332073
OGG1_boot.31	1.092517674355077e-43	1.3606329923021337e-23	0.02561113669942836	0.09276199211630923	0.8816268711842624
OGG1_boot.32	2.6112401653599616e-57	0.129957223902792	0.03629115414868576	0.056706613135190556	0.7770450088133318
OGG1_boot.33	7.394270953193044e-58	2.805096906195073e-13	0.032754176744672125	0.11876994107966647	0.8484758821753811
OGG1_boot.34	1.0182406538977501e-22	1.8154487384159093e-05	0.02563309375211917	0.1388307467333285	0.8355180050271682
OGG1_boot.35	0.04113127642757461	0.02167248282329993	0.044429915677027434	0.059519789592143	0.833246535479955
OGG1_boot.36	0.038111970609356956	7.500996492986747e-32	0.001913660503913587	0.08612236066997378	0.8738520082167555
OGG1_boot.37	2.3577487720241553e-152	0.06576106121063398	0.03270737833760236	0.09528694892428333	0.8062446115274803
OGG1_boot.38	2.022153064396692e-108	2.683611702948882e-38	0.008759746413536324	0.07983266938514223	0.9114075842013216
OGG1_boot.39	5.541662387021729e-256	0.22184010986054223	0.048636686226000786	0.024675371675280455	0.7048478322381765
OGG1_boot.40	1.6599156948316666e-141	7.404063592818261e-40	0.08791730686922843	0.048890169440015105	0.8631925236907565
OGG1_boot.41	2.8220432718617887e-62	2.2706780366297696e-68	0.09086318401312686	0.04884780487325983	0.8602890111136133
OGG1_boot.42	0.0004314058816203709	0.08660447390866985	0.028769354419501063	0.07382231178517136	0.8103724540050373
OGG1_boot.43	6.538787239082272e-75	0.02929181429356464	0.01797510367640385	0.11009943755894758	0.8426336444710839
OGG1_boot.44	1.0347027430378324e-79	0.10480241110969364	0.018566130964937727	0.06412929857877268	0.8125021593465959
OGG1_boot.45	2.333203917792423e-86	6.500520120882421e-22	0.06266136891883493	0.06381552931335228	0.8735231017678128
OGG1_boot.46	0.005520338043317065	7.461395148357657e-21	0.01641344048680912	0.17148927860401833	0.8065769428658555
OGG1_boot.47	0.030200844397867962	1.3832168386401545e-10	2.0912050244219225e-135	0.13687937755030483	0.8329197779135057
OGG1_boot.48	0.056592601220206096	2.890670394599416e-62	1.0361319903365722e-38	0.11313251127831996	0.8302748875014738
OGG1_boot.49	0.07718439268575177	0.061154268008736204	2.6700122039060215e-299	0.09753216415778558	0.7641291751477265
OGG1_boot.50	0.05563881834325582	4.2135636012507256e-73	0.008082304577541099	0.028263777859126767	0.9080150992200764
OGG1_boot.51	0.05859899231530908	6.182395291717422e-61	2.07e-321	0.06369910160646693	0.8777019060782241
OGG1_boot.52	0.026043191529355827	4.739667783841883e-95	0.012708203251335145	0.03656245098198752	0.9246861542373215
OGG1_boot.53	0.04563094747709722	0.03914254753828927	3.6324228084187e-294	0.13876359051053402	0.7764629144740796
OGG1_boot.54	1.6025574857203978e-59	0.1316668298020706	7.81096016668244e-18	0.06817045230394296	0.8001627178939865
OGG1_boot.55	0.06572546101681372	4.223185087934288e-66	1.6957634893941363e-110	0.11411461286646127	0.8201599261167248
OGG1_boot.56	0.04670052630843309	1.0344385572154474e-58	1.5746724306980558e-34	0.11243451924726734	0.8408649544442997
OGG1_boot.57	0.028468052483172225	5.104045387889898e-19	4.413697199885842e-72	0.10622131129328141	0.8653106362235463
OGG1_boot.58	0.04087306061234422	1.7037048576979921e-18	2.18e-321	0.07862765649102695	0.8804992828966287
OGG1_boot.59	0.03801451497014993	0.11390656722910132	2.297e-321	0.07847150569747413	0.7696074121032747
OGG1_boot.60	0.06582082069332403	0.10339693130757135	3.7239587391198747e-132	0.0845504453744429	0.7462318026246616
OGG1_boot.61	0.08630919195452653	0.03326308803105225	1.3778299325833766e-162	0.06075109095146662	0.8196766290629546
OGG1_boot.62	0.0655678621011825	0.0008408737958285248	5.07484e-319	0.13773346749891635	0.7958577966040726
OGG1_boot.63	0.04918696710678029	2.0830543366776744e-39	0.03417089508742033	0.04009690518666391	0.8765452326191355
OGG1_boot.64	0.0886111431075196	4.111826135086556e-36	7.044646415528941e-97	0.043438104881461964	0.8679507520110185
OGG1_boot.65	0.06476283885945883	3.50523157270493e-32	2.148063322172009e-243	0.1518754538372087	0.7833617073033325
OGG1_boot.66	0.028424432501521657	5.1541367172579687e-70	7.93269010870628e-173	0.09056465534063053	0.8810109121578478
OGG1_boot.67	0.07176158992508304	8.84977172968976e-89	4.626263735420373e-165	0.052048908906057484	0.8761895011688594
OGG1_boot.68	0.12698114961836338	4.776062013875905e-111	2.021607554410443e-53	0.05383065510821719	0.8191881952734196
OGG1_boot.69	0.04237864841046954	2.8305147514578895e-09	1.0028081467132116e-135	0.08229079923227471	0.8753305495267409
OGG1_boot.70	0.04190460982494162	4.87544078898897e-27	0.006615235834171744	0.0770752207426668	0.8744049335982198
OGG1_boot.71	0.02383152497004592	5.226775441993095e-10	2.4055669840091524e-253	0.12162901278270478	0.8545394617245717
OGG1_boot.72	0.09560080596097727	0.0012561213720490407	1.07204513e-316	0.06986213297966046	0.8332809396873132
OGG1_boot.73	0.07482357823477206	7.436903503153312e-39	0.008696117374351556	0.050750100366807986	0.8657302040240684
OGG1_boot.74	0.08423294988911885	1.6990686481555632e-54	2.223512455438535e-140	0.0916194483911615	0.8241476017197197
OGG1_boot.75	0.027506895576130185	4.2016466523008726e-08	0.005734338050271321	0.09876135774681769	0.8679973666103143
OGG1_boot.76	7.710501285849536e-21	4.0712957458037494e-26	4.551369432813639e-208	0.09925503988579056	0.9007449601142095
OGG1_boot.77	0.05880725933677819	0.13544897720001056	1.2382939784320832e-148	0.03250246611707723	0.7732412973461339
OGG1_boot.78	0.024947563392063003	0.02352833413332506	1.3273520149665782e-165	0.07224757773583271	0.8792765247387792
OGG1_boot.79	0.09984564381928626	4.5393527744710546e-88	3.4621291667262833e-211	0.061193294700986334	0.8389610614797274
OGG1_boot.80	0.04144459125745185	3.697012100667813e-39	3.591635407894251e-31	0.11074767824979273	0.8478077304927554
OGG1_boot.81	0.005221270008531484	4.1732725834929113e-19	2.643e-321	0.12762860825769665	0.8671501217337719
OGG1_boot.82	0.04863528169910172	0.011382048731625419	8.149155530276579e-299	0.10749401025678332	0.8324886593124897
OGG1_boot.83	0.06876890306424015	4.660962208944943e-28	1.4054554678242515e-186	0.07549847484964205	0.8557326220861178
OGG1_boot.84	0.0034610756740097084	0.12628778770893134	0.02296936000420789	0.026916166345781947	0.8203656102670691
OGG1_boot.85	8.145861588386385e-12	0.009480414782177399	0.005405800174432685	0.11705266692833616	0.868061118106908
OGG1_boot.86	0.0351797861925692	0.028313056239740158	1.209027454411878e-41	0.11896411026434463	0.817543047303346
OGG1_boot.87	0.08431115112278231	0.00035859438011304114	2.4425515569561197e-46	0.07697295270366494	0.8383573017934398
OGG1_boot.88	0.07819576390838849	1.0734600337687259e-14	3.2083171004483224e-241	0.0931207441093022	0.8286834919822986
OGG1_boot.89	0.08581814203913463	2.594847287573405e-23	1.5885871375e-314	0.08208675169873818	0.8320951062621273
OGG1_boot.90	6.293439721718828e-246	0.4326167944620245	1.76e-321	1.5011304047915587e-66	0.5673832055379755
OGG1_boot.91	0.02687079918993458	0.0698103163786178	9.051743017372073e-27	0.05698817677559455	0.8463307076558532
OGG1_boot.92	0.021095056798654206	0.19454629532705864	2.821669851130095e-53	0.022443946391480007	0.761914701482807
OGG1_boot.93	9.321844878277262e-32	0.27391664158228807	4.731763450238077e-113	0.05613075443264254	0.6699526039850694
OGG1_boot.94	1.7971081566730378e-206	0.5046405535670675	1.724e-321	4.897782919694038e-160	0.49535944643293256
OGG1_boot.95	3.6514313416861884e-05	0.33996849683008246	4.975468008505441e-243	0.0061245127641947	0.6538704760923059
OGG1_boot.96	2.601859221e-314	0.5412741427915577	1.64e-321	7.75624114633211e-105	0.4587258572084422
OGG1_boot.97	0.021530655259410093	0.15256036055061967	0.030066853205614762	0.030802560449310887	0.7650395705350447
OGG1_boot.98	7.447108696944923e-185	0.347380952483026	4.069872128115434e-97	1.141670255085181e-82	0.652619047516974
OGG1_boot.99	1.4802658114971101e-210	0.5123122618161906	1.01e-321	5.825270025673995e-104	0.48768773818380956
OGG1_boot.100	0.016432124056819254	0.1429926848514432	0.005023872894474151	0.06299137213645055	0.7725599460608128
OGG1_boot.101	0.06754559808119638	0.05951417528260887	0.032247515816692676	0.021186187821136064	0.819506522998366
OGG1_boot.102	0.003955270157980363	0.22838613549556785	9.307882239503464e-38	0.05653296605164282	0.7111256282948089
OGG1_boot.103	0.03581512483652797	0.14842125624574196	0.019464026487180756	0.08108453985451888	0.7152150525760304
OGG1_boot.104	3.4158031721463555e-77	0.031622848505737176	1.8e-321	0.10196730104001653	0.8664098504542462
OGG1_boot.105	1.3765109566211682e-43	0.473567148301687	7.619717641916536e-172	8.711289612750808e-11	0.5264328516112001
OGG1_boot.106	2.2646612929488235e-101	0.45798825293046275	1.733956874449147e-23	4.5088662365391745e-35	0.5420117470695373
OGG1_boot.107	6.53025400127549e-169	0.3323896225122488	2.194e-321	0.020508675632488964	0.6471017018552623
OGG1_boot.108	0.0045970638454621415	0.3054970488232444	1.751064944298107e-221	3.4396171536977686e-45	0.6899058873312934
OGG1_boot.109	1.4335044435649909e-92	0.26597667990212565	7.871476754157909e-140	0.02761993632333682	0.7064033837745375
OGG1_boot.110	3.3114530287089613e-76	0.38243268381502615	6.490451201886017e-173	7.332115884559258e-123	0.617567316184974
OGG1_boot.111	6.305243990979016e-71	0.31986244002770625	0.07551289516195346	0.001314727098189295	0.6033099377121511
OGG1_boot.112	0.013008123069732003	0.16540553561787066	1.9796417882386182e-291	0.11837576603266801	0.7032105752797295
OGG1_boot.113	6.971859404068381e-07	0.31280868227917585	0.006056485562080511	1.033808827153873e-07	0.6811340315919203
OGG1_boot.114	2.2877205106511824e-25	0.19784773300729272	0.01823064880006936	0.0321863197979722	0.7517352983946659
OGG1_boot.115	4.086110549213331e-28	0.30787528224944927	2.925e-321	0.010569582299432907	0.6815551354511178
OGG1_boot.116	0.023759064411010063	0.46541605887003445	4.698437201548359e-300	4.6314988248815517e-60	0.5108248767189554
OGG1_boot.117	6.810460503760816e-110	0.1795899184825993	0.012584908923283619	0.0734864266683844	0.7343387459257328
OGG1_boot.118	6.374058753911169e-43	0.25998212513609475	2.1523371455100342e-144	0.021691144495436864	0.7183267303684684
OGG1_boot.119	3.561079754668593e-36	0.11130425219402483	0.005568297730855622	0.11147579544701046	0.7716516546281091
OGG1_boot.120	5.727195890296627e-07	0.15688716552645038	2.378972261326034e-34	0.09337641520472313	0.7497358465492375
OGG1_boot.121	2.382507909888892e-210	0.3448923512037871	0.024602363759876716	1.4622972357250105e-26	0.6305052850363364
OGG1_boot.122	2.586229642834751e-43	0.2850627598987555	2.7796443320746875e-303	1.1546058215947597e-51	0.7149372401012445
OGG1_boot.123	1.833575757255879e-11	2.185058415000828e-19	0.029920231284703832	0.07493414782292755	0.8951456208740328
OGG1_boot.124	1.374e-321	0.44844203661135706	8.259705602082847e-208	8.170917329326986e-185	0.551557963388643
OGG1_boot.125	0.03575428796867902	0.22166681251648626	0.037177732061667954	0.03519333989555801	0.6702078275576089
OGG1_boot.126	5.242752958471002e-83	0.32879546341712035	2.8212564903430813e-42	1.2229801885639961e-42	0.6712045365828796
OGG1_boot.127	0.016089860099620986	0.1400433718244522	0.02073575123824952	0.08128712177578881	0.7418438950618884
OGG1_boot.128	1.1817980383597406e-69	0.42196651341942165	3.080688299562001e-242	2.1712850888914977e-124	0.5780334865805783
OGG1_boot.129	1.4014776016249166e-231	0.49053616990725424	0.0021485596133418443	5.49932946125055e-34	0.507315270479404
OGG1_boot.130	1.0597851085973812e-61	0.2723075920978584	0.028726881368816574	3.455765489145825e-23	0.698965526533325
OGG1_boot.131	2.4044944105467477e-184	0.5093970407547033	1.314e-321	9.34607650556587e-143	0.4906029592452967
OGG1_boot.132	8.258698873583726e-217	0.49181174360702806	1.294e-321	2.399998510361651e-37	0.5081882563929719
OGG1_boot.133	1.382785488302001e-66	0.373185294495746	1.92e-321	9.969484184753764e-49	0.626814705504254
OGG1_boot.134	0.026220868603432822	0.30462335228960674	3.53177921317689e-269	2.3714368662351195e-21	0.6691557791069604
OGG1_boot.135	6.001861141069654e-41	0.16272312930128596	4.014723561820387e-284	0.07192574157894355	0.7653511291197705
OGG1_boot.136	8.188393927296093e-84	0.21982622048747055	3.30035087004006e-87	0.04557509546904313	0.7345986840434864
OGG1_boot.137	2.2190219006595507e-219	0.21186455740778076	1.665e-321	3.2988783906979866e-154	0.7881354425922193
OGG1_boot.138	1.1089937015565145e-46	0.19677461222611908	1.3376430057645968e-41	0.03380387383195519	0.7694215139419257
OGG1_real	8.07535406395234e-36	4.0627009537094174e-15	0.050990781266259604	0.08705074515629488	0.8619584735774415
OGG1_real.1	0.05199226603723007	7.62041845062817e-21	6.111062296241526e-118	0.0987647485022932	0.8492429854604768
OGG1_real.2	5.342455338579979e-34	0.29365031174622364	4.089395800860212e-12	0.025289015867123146	0.6810606723825637
UNG_boot	0.05970719371785698	0.010296232941528389	1.1906548691642924e-247	0.9299965733406147	1.4036821034674412e-65
UNG_boot.1	0.08197575434170329	3.6498692937506114e-246	0.02332512465403031	0.8633948848765467	0.03130423612771957
UNG_boot.2	6.782301100978998e-240	0.16523535796709177	5.151718699769938e-178	0.8299622543917865	0.0048023876411218734
UNG_boot.3	0.05042146437053289	0.10726321560168366	1.03e-321	0.8271370326314427	0.015178287396340707
UNG_boot.4	0.03342566855769891	0.09699606608465175	0.0044428838334139385	0.8651353815242355	7.95e-322
UNG_boot.5	0.07926004775957697	0.1593895839249407	3.3394736701265866e-121	0.7613503683154823	6.519711551833106e-22
UNG_boot.6	0.04247967938031711	0.14891046100038263	6.8e-322	0.8086098596193001	6.1e-322
UNG_boot.7	1.1091117956363874e-125	1.014366849614346e-233	2.39e-321	1.0	4.55e-322
UNG_boot.8	8.806340193898092e-56	2.2344536396623912e-232	0.06881766869323075	0.8563190660203193	0.07486326528645015
UNG_boot.9	1.6969394972678284e-147	0.16457100246932518	3.7807998033268264e-57	0.8039004653191026	0.031528532211572105
UNG_boot.10	9.461190741141099e-265	3.3096596332007762e-198	2.11e-321	0.8987990649976101	0.10120093500238977
UNG_boot.11	7.946660099613401e-30	5.813655840191554e-13	7.766835804601745e-30	0.9205901699018564	0.0794098300975622
UNG_boot.12	1.916695234321211e-72	0.07631401247557215	8.425161223233836e-212	0.9236859875244279	6.56580741298066e-30
UNG_boot.13	0.08301378386652826	0.06907851235397795	0.03563751510863572	0.812270188670858	2.9169927023732387e-148
UNG_boot.14	2.03e-321	1.13e-321	9.3e-322	1.0	3.3e-322
UNG_boot.15	3.358100059718857e-05	8.84e-322	1.3372386081852866e-18	0.9999664189994029	5.14e-322
UNG_boot.16	6.265616386529616e-150	0.09210911305010709	1.994153e-318	0.9078908869498928	1.8326067777521108e-94
UNG_boot.17	0.03430507515364022	0.12640293589810553	3.127502686772231e-89	0.8392919889482542	2.7843419648375816e-40
UNG_boot.18	5.056035741740033e-09	1.547092150018678e-179	3.8549391966149736e-166	0.9330148694610273	0.06698512548293702
UNG_boot.19	2.548716604333939e-199	0.04739234089178624	0.05180870454352336	0.9007989545646904	8.27067400517167e-131
UNG_boot.20	0.0402854286237366	6.20041905358196e-09	9.6e-322	0.8660843895077337	0.0936301756681106
UNG_boot.21	0.050434375939785885	0.09662896522125955	1.304e-321	0.8529366588389545	5.814814154335874e-298
UNG_boot.22	0.03787464576112509	1.28e-321	1.403e-321	0.9621253542388748	1.003e-321
UNG_boot.23	1.7463475428684855e-200	0.14821058668884868	1.75e-321	0.8517894133111512	1.8224806550814086e-16
UNG_boot.24	5.401062301634658e-210	1.16e-321	7.1e-322	1.0	5.63e-322
UNG_boot.25	6.284950731644266e-158	2.3211915909428952e-65	1.24e-321	0.8918960765170192	0.10810392348298065
UNG_boot.26	0.04495746956491663	0.21395726357966435	1.635e-321	0.741085266855419	3.326042076294055e-133
UNG_boot.27	0.14774994062637914	0.004513006112975511	1.82e-321	0.8477370532606452	4.129520677181353e-149
UNG_boot.28	0.011565715302037363	0.03021382812179826	1.803e-321	0.8474795266875761	0.1107409298885883
UNG_boot.29	0.04938765273613379	2.2631181094241763e-206	2.213e-321	0.9506123472638662	8.203766277646766e-136
UNG_boot.30	3.736125904526913e-75	7.647157611645194e-92	1.891699691789594e-192	0.9411689599759678	0.05883104002403214
UNG_boot.31	0.00916862944498846	0.0033313390377674446	1.443e-321	0.9875000315172442	9.566693111212705e-228
UNG_boot.32	1.253886102965297e-137	0.20421122613423345	1.813e-321	0.7957887738657664	7.3e-322
UNG_boot.33	0.07185351742103503	0.08664285906188919	1.7618497869545345e-83	0.8415036235170756	7.26e-322
UNG_boot.34	6.249533294949351e-121	1.4746106764736178e-132	1.46e-321	0.9273808788548042	0.07261912114519568
UNG_boot.35	1.2021768577746965e-94	0.030260874716247298	3.4502755043872217e-234	0.9697391252837527	9.777867620738016e-199
UNG_boot.36	5.103715184246848e-115	0.05281998662159116	7.1e-322	0.9106610701281171	0.03651894325029154
UNG_boot.37	0.0033349320201129205	0.02627725947056705	0.06708397231880704	0.7963548687951258	0.10694896739538717
UNG_boot.38	7.049635676923266e-247	0.06091271360456407	6.23e-322	0.9390872863954359	2.3278610194597e-311
UNG_boot.39	8.076684910314679e-236	0.11462061434807841	1.09e-321	0.8853793856519216	1.1903960765933787e-99
UNG_boot.40	0.06960067883887655	1.6124189617208312e-266	8.390869233572233e-300	0.839734380469494	0.09066494069162956
UNG_boot.41	2.499259022170558e-284	3.0487378856931274e-46	2.523326140181961e-123	0.9999999999999999	1.7486303853873358e-40
UNG_boot.42	0.04081087689543304	0.03368091090019166	1.013e-321	0.9255082122043752	5.83769549262139e-263
UNG_boot.43	0.04252557585421854	4.723219843622999e-143	2.7095e-320	0.8716380455978268	0.08583637854795471
UNG_boot.44	1.2444117167420667e-79	0.1237874601582675	2.35e-321	0.8428743957009218	0.03333814414081072
UNG_boot.45	5.1430357479261414e-30	2.0178697300764297e-103	5.351721820225856e-63	0.9857556770660318	0.014244322933968285
UNG_boot.46	9.006458816365028e-299	5.612230170026365e-223	1.136e-321	0.9585033951034223	0.041496604896577596
UNG_boot.47	2.0319836595915387e-217	0.10815384145201329	8.84e-322	0.8918461585479869	3.861269717108929e-86
UNG_boot.48	0.039091102485528766	9.865087199837945e-132	2.485e-321	0.9246172683596522	0.03629162915481909
UNG_boot.49	2.53449303542334e-94	0.2453902338377238	5.079276559061175e-211	0.7546097661622764	9.097804417268641e-249
UNG_boot.50	0.06981451159667024	5.381403167491346e-299	4.5979139432140425e-29	0.9301854884033298	3.991800912926879e-250
UNG_boot.51	0.01593264280895076	1.0215278520182311e-160	0.06898942947962282	0.8955165355564721	0.01956139215495436
UNG_boot.52	1.2581225324417641e-57	3.639965618475167e-221	9.978991696430132e-244	1.0	5.14e-322
UNG_boot.53	3.510313212198755e-163	0.0011719130546062678	0.05103044612095778	0.8999738495979824	0.04782379122645358
UNG_boot.54	3.932264084579523e-06	2.1829376406167992e-257	1.600767420643135e-26	0.9999960677359153	8.5e-322
UNG_boot.55	5.749137101119039e-24	0.06985042205292256	0.03750938681684944	0.8835755010470326	0.00906469008319521
UNG_boot.56	4.613383465542212e-81	1.487e-321	0.04135395375662495	0.958646046243375	7.8e-322
UNG_boot.57	4.621726776369522e-307	5.503232115064321e-220	0.10361352783428007	0.8625211110442434	0.033865361121476575
UNG_boot.58	2.214027642e-314	2.4269190886612603e-157	0.08845913938953084	0.8697251885600755	0.041815672050393625
UNG_boot.59	0.037029791717881115	3.067504046982027e-85	1.106950577318304e-22	0.9228084477287506	0.040161760553368266
UNG_boot.60	0.04058640815116587	0.06976768667009625	0.047536764845768395	0.8116280221821386	0.030481118150830832
UNG_boot.61	3.008883240545315e-207	8.567275141133658e-136	0.09743496060341003	0.8812991206315156	0.0212659187650743
UNG_boot.62	2.194e-321	1.245e-321	0.08408441721414674	0.9159155827858532	4.4e-322
UNG_boot.63	2.0785024849217424e-250	1.06e-321	0.05226833324778777	0.9477316667522122	1.004513881e-313
UNG_boot.64	1.8970327667338537e-17	0.025535038926603353	4.5620942073547625e-198	0.9744649610733966	2.8780954497452935e-45
UNG_boot.65	1.98e-321	4.1879923402678706e-278	0.06475390340372805	0.8901020242525888	0.04514407234368315
UNG_boot.66	1.808459225630726e-139	3.0425011820453094e-234	0.03287443947604257	0.915249909976461	0.05187565054749649
UNG_boot.67	1.6979163297321592e-24	9.400109392645048e-57	0.045498172655943254	0.9034450225782639	0.051056804765792864
UNG_boot.68	6.721763326947243e-47	9.71612879832966e-264	0.09769065221725458	0.8835749386621085	0.018734409120637008
UNG_boot.69	0.04888453140809476	1.1109476638511248e-149	0.019113038226025565	0.9258838148824498	0.006118615483429779
UNG_boot.70	0.010067078558237042	0.061591982626666215	1.724e-321	0.9283409388150967	6.497392097539853e-267
UNG_boot.71	4.988764972942007e-13	1.1368552447988628e-129	0.006834874205993147	0.9352695451718958	0.057895580621612285
UNG_boot.72	0.12609439049970703	1.2753395393063713e-270	3.7712599181714324e-50	0.873905609500293	6.13e-322
UNG_boot.73	2.37e-321	1.757457338461197e-229	0.1441187817660396	0.810792416111294	0.04508880212266631
UNG_boot.74	3.4664254153861045e-193	2.5721255337249437e-276	0.13237263093372245	0.8469104690901783	0.020716899976099296
UNG_boot.75	0.04655569571691149	1.361920295317132e-205	0.04922652268750815	0.8919257689384529	0.012292012657127375
UNG_boot.76	1.8232970126641616e-161	6.729330473710871e-101	0.0739605944267278	0.9044348723926534	0.02160453318061868
UNG_boot.77	1.6011169445146643e-100	1.8120474850268062e-129	0.06594059924686539	0.8791748183569439	0.05488458239619065
UNG_boot.78	0.10008408233052483	0.04424990249937326	0.0031092183976475576	0.8453600996566673	0.007196697115787304
UNG_boot.79	3.221084856881489e-153	0.019496750333557165	0.03237447755311893	0.8831480807070664	0.06498069140625735
UNG_boot.80	1.956072387280304e-164	0.006808501870813503	0.09057001046707132	0.902621487662115	6.885656380239009e-206
UNG_boot.81	5.5357068168031767e-101	1.395215328837369e-139	0.15937600124492327	0.8074418178637561	0.03318218089132054
UNG_boot.82	6.3527510118653585e-96	3.329685223983022e-281	0.06905171448688902	0.9074390474528449	0.02350923806026601
UNG_boot.83	0.06710438223016112	1.0603629794617128e-32	0.0028987579780009507	0.9246960274160146	0.005300832375823219
UNG_boot.84	2.0009367646995644e-134	0.020009165706594674	0.0651666470331532	0.9145957690701843	0.00022841819006799043
UNG_boot.85	2.622646507732176e-13	1.398814844344286e-135	0.05472980421663983	0.8802885375681143	0.06498165821498363
UNG_boot.86	0.0028124479223184166	5.116120702729168e-205	0.009067267744505485	0.9615485228276496	0.02657176150552665
UNG_boot.87	1.3120711859697987e-80	2.963394564138034e-22	0.04434855838984438	0.8977696680087506	0.05788177360140516
UNG_boot.88	1.47733813077e-312	3.3612406289910264e-101	0.08912264461008913	0.8798604586482527	0.0310168967416582
UNG_boot.89	2.0632047390214008e-25	1.38e-321	0.06256182650941391	0.9374381734905861	7.276115590577627e-182
UNG_boot.90	0.015362355917666517	0.0031296859922738327	0.03809140586130859	0.9434165522287512	2.0755924772162254e-210
UNG_boot.91	2.07448032498095e-135	2.3166036621881728e-194	0.06456666994645341	0.9202267446700476	0.015206585383499059
UNG_boot.92	1.2417163312148023e-30	1.5145008958840323e-205	0.07191606699168307	0.9280839330083169	3.667558912509397e-257
UNG_boot.93	0.03184599327826094	9.97612254132963e-15	2.07553815730317e-05	0.9197538899989602	0.04837936134119565
UNG_boot.94	0.03715113516754288	2.090558480011353e-15	0.03828521264268798	0.8870127062238222	0.03755094596594474
UNG_boot.95	1.3305670954544222e-79	6.052642276899531e-46	0.06685973075591096	0.9042394413303432	0.02890082791374597
UNG_boot.96	0.05162020335791235	1.0464958468966065e-259	0.04295357787857753	0.8797571417719782	0.025669076991531727
UNG_boot.97	4.670656693155838e-277	1.126e-321	0.11043662182514552	0.8895633781748544	5e-322
UNG_boot.98	6.976148915709545e-19	6.861516526023527e-126	4.6296766080890553e-302	0.9757917626171675	0.024208237382832357
UNG_boot.99	3.000462414151524e-20	0.12220070778438057	1.5447236807105775e-129	0.8712968050011852	0.006502487214434167
UNG_boot.100	3.830297686637699e-06	6.13e-322	0.1427623601482995	0.857233809554014	4.1e-322
UNG_boot.101	1.2177778610007146e-44	1.427629773726236e-60	0.015389237989416566	0.9846107620105835	4.614273008156641e-46
UNG_boot.102	4.5559004224257715e-140	0.021011862968667465	0.07521459936937755	0.903773537661955	2.0184673445949283e-161
UNG_boot.103	4.40684984947e-313	0.13462748382006243	0.0015966259528960994	0.8491545984440403	0.01462129178300116
UNG_boot.104	2.06e-321	5.553325580574651e-10	0.09676471124570292	0.8823660536424577	0.02086923455650686
UNG_boot.105	1.2797151116698533e-238	6.87012174408068e-149	0.13322040781012917	0.8667795921898709	9.24e-322
UNG_boot.106	0.0817297392106977	7.306608074041974e-70	1.180913836248428e-34	0.7894450112937432	0.1288252494955592
UNG_boot.107	5.59029328669933e-10	1.24e-321	6.091140904178954e-16	0.9805824913826944	0.019417508058275638
UNG_boot.108	0.14871178809531457	0.022125609016730153	1.87e-321	0.7931654202827834	0.035997182605171825
UNG_boot.109	0.08856562301492234	0.01850256874855075	0.05429579901065684	0.7252652893640849	0.11337071986178522
UNG_boot.110	2.667087907520916e-158	1.033e-321	2.134e-321	1.0	6.7e-322
UNG_boot.111	0.01495681553267241	0.1149204166755708	1.695e-321	0.859973714891687	0.010149052900069837
UNG_boot.112	3.260783472020317e-54	4.298974737024671e-118	0.035736204119268825	0.9342287443618664	0.030035051518864708
UNG_boot.113	0.023701664778647394	3.4563743087006783e-225	0.05864988333671349	0.8921305644437509	0.02551788744088816
UNG_boot.114	1.9430906355921147e-57	9.63e-322	0.022304844265303894	0.8575445932232255	0.12015056251147073
UNG_boot.115	1.0158649353471325e-52	0.05169373649635982	0.026916404549930783	0.8308184332511024	0.09057142570260707
UNG_boot.116	0.002488600905554181	1.7551401822196776e-149	1.0654762376871987e-149	0.901557382026906	0.09595401706753989
UNG_boot.117	9.79533667452033e-47	5.772961970249211e-212	0.0239096711528902	0.9077075147361662	0.06838281411094364
UNG_boot.118	3.947787081442291e-99	0.084653877583374	0.02158413264173533	0.8616351458681499	0.03212684390674083
UNG_boot.119	2.721440504471339e-121	0.007660080035445669	0.11539938152301006	0.7654547078308408	0.1114858306107033
UNG_boot.120	0.013157975558705228	2.1395366697767904e-306	0.020699224167883043	0.8620164988365822	0.10412630143682967
UNG_boot.121	4.056983269208077e-238	9.735194349816552e-273	1.2668895922387585e-171	0.9378325526809909	0.062167447319009125
UNG_boot.122	4.06115240654708e-129	0.015392623116590025	0.06899726288834668	0.8782695326281158	0.03734058136694755
UNG_boot.123	6.3935905406094626e-173	7.190769875710993e-117	1.976031142193229e-100	0.9254880660733097	0.07451193392669028
UNG_boot.124	0.0016010615220640495	3.294960162296808e-258	0.019058832737696006	0.9518290552037219	0.027511050536518016
UNG_boot.125	7.362837321631212e-194	0.12071827349205277	4.1678267336616573e-221	0.8792817265079472	3.9750127944392147e-56
UNG_boot.126	1.2489978665861278e-167	0.17083842534289578	0.061038348295822054	0.768123226361282	6.574852515769938e-27
UNG_boot.127	2.4883929969898575e-123	2.8544278283446028e-148	0.10417486477674873	0.7873637069068231	0.10846142831642802
UNG_boot.128	0.056332376005610384	4.3021033421541804e-139	0.0740706540056716	0.7515905659781457	0.11800640401057247
UNG_boot.129	9.760284953719428e-260	3.198621288999753e-55	0.0629270334530053	0.9370729665469947	1.354108871080644e-169
UNG_boot.130	0.02349187749251695	1.0839012447762256e-34	0.00033231598935309697	0.8710374350290004	0.10513837148912952
UNG_boot.131	0.2035945907308593	5.034947198404506e-19	1.422341012583371e-10	0.7239826326027884	0.07242277652411817
UNG_boot.132	0.04236658970651425	4.804968414872115e-93	0.03696111971844888	0.8615773579659833	0.05909493260905352
UNG_boot.133	2.6942978806017552e-45	1.6199825883970413e-31	0.07503263188581606	0.8293509306663321	0.09561643744785177
UNG_boot.134	8.305686704862842e-71	3.2975010366654022e-21	0.045880642147978476	0.864783817053827	0.0893355407981944
UNG_boot.135	3.71923693866183e-73	6.172506513520749e-10	1.580468763902085e-64	0.9165893609215585	0.08341063846119078
UNG_boot.136	5.800438048729106e-309	0.08766392118444707	2.6389016654598192e-133	0.8904622227863885	0.021873856029164453
UNG_boot.137	1.2342946578109149e-204	9.489520033218369e-216	0.06311578404160215	0.9026160277807397	0.034268188177658296
UNG_boot.138	1.4648204078225734e-166	6.54491971272281e-29	0.0823754673442404	0.8288559006340729	0.08876863202168671
UNG_boot.139	0.04071140442005982	0.19619058666568723	6.21617580634009e-88	0.762499167439813	0.0005988414744397852
UNG_boot.140	3.1686765077553526e-17	2.986511206787879e-160	0.06830341806595737	0.8266785045492969	0.10501807738474579
UNG_boot.141	4.1282635013262674e-58	1.8033398163262264e-245	0.0016495443708504063	0.9701444409420251	0.028206014687124387
UNG_boot.142	0.023991947877651888	2.6900716722758544e-60	4.4125676599473255e-95	0.863142747337206	0.11286530478514221
UNG_boot.143	0.01970884823601053	1.0539383963845502e-40	0.02624375172780654	0.862795714644553	0.09125168539162987
UNG_boot.144	0.0010086456958190689	3.257846432691093e-68	8.537214555724014e-23	0.8547887027453267	0.14420265155885428
UNG_boot.145	4.996252705690893e-59	2.0520080258357805e-101	0.037747154688126346	0.8943063416056812	0.06794650370619251
UNG_boot.146	7.599575868005185e-109	6.056635309564131e-05	4.311158363430722e-111	0.9363794408368559	0.06355999281004858
UNG_boot.147	1.347889284497646e-217	7.034731967026653e-178	0.03023843458043246	0.9250491322505887	0.04471243316897888
UNG_boot.148	3.363861204908868e-115	4.698673786081591e-101	0.04787644140435037	0.8850306320254688	0.06709292657018089
UNG_boot.149	2.273e-321	4.3286453049477835e-273	0.006229398677824493	0.9277672564376095	0.06600334488456605
UNG_boot.150	1.1568802067985548e-103	0.024985636255856602	0.11327072108326951	0.8252605544806548	0.03648308818021899
UNG_boot.151	0.009157183568609164	0.07211315606660786	4.553564885739258e-176	0.9187296603647831	6.87e-322
UNG_boot.152	3.8237194553909405e-89	3.5043632255393277e-84	0.019507080402719573	0.8824131573763876	0.09807976222089296
UNG_boot.153	6.234862031751017e-45	6.343869203767298e-81	0.08775584085216084	0.8194201126757962	0.09282404647204313
UNG_boot.154	8.089693601299616e-162	2.3723173836886552e-67	1.5677432789085177e-79	0.987846869406327	0.01215313059367295
UNG_real	0.01165466911490229	0.06364009999654305	2.46e-321	0.9000276526483834	0.024677578240171427
UNG_real.1	4.380011393931299e-23	5.3681351729114414e-79	0.057399280080520185	0.9211177491049634	0.02148297081451629
UNG_real.2	1.0698577369175255e-41	3.787880339261599e-77	0.027505140129902527	0.8925950834843345	0.07989977638576291
ATP2B4_boot	0.19014442288505373	0.7899556326138736	1.265e-321	0.01989994450107264	3.468035852004169e-254
ATP2B4_boot.1	9.693631979846413e-35	0.7378593566875173	0.050108403328581776	1.07e-321	0.21203223998390083
ATP2B4_boot.2	0.10239524430129586	0.5188734487170451	0.1770594527225727	0.03627695198507158	0.16539490227401482
ATP2B4_boot.3	1.126e-321	0.7826783648378527	0.13662938309569772	5.2475020629392694e-282	0.08069225206644957
ATP2B4_boot.4	0.16077588016676045	0.6088563146463989	0.015928579052234843	0.2144392261346058	1.4612495896421125e-265
ATP2B4_boot.5	1.67e-321	0.891296713920065	0.10870328607993503	2.3381494016366015e-188	6.026283290732967e-55
ATP2B4_boot.6	8.44876527553281e-184	0.791353681455798	0.09707016920927923	7.048112212288291e-243	0.11157614933492283
ATP2B4_boot.7	0.13468317907678756	0.8414540463383393	1.235e-321	0.023862774584873164	3.599887442888025e-160
ATP2B4_boot.8	0.039813180720004816	0.8261201293497296	1.113053895004513e-14	2.330441648510884e-295	0.13406668993025456
ATP2B4_boot.9	0.13219624570308214	0.6963379064485402	1.67e-321	0.09059337022152077	0.08087247762685693
ATP2B4_boot.10	1.6607603358363486e-297	0.9318034674389014	1.4869359230703814e-225	7.986386523726432e-255	0.06819653256109846
ATP2B4_boot.11	7.745207897018036e-89	0.8739148569725242	0.04895994957815459	0.06420273136030334	0.012922462089017652
ATP2B4_boot.12	1.487e-321	0.9216164182551201	0.03741951907323547	0.04096406267164443	2.67e-322
ATP2B4_boot.13	3.02211176643155e-230	0.8836170224674228	0.005853798488473334	8.4e-322	0.11052917904410381
ATP2B4_boot.14	1.566e-321	0.7427762079809039	0.12965968074376752	2.9449531411642454e-260	0.1275641112753285
ATP2B4_boot.15	0.12717470875507086	0.872825291243035	5.31657928594136e-207	1.8940860786645436e-12	2.9675053397025813e-273
ATP2B4_boot.16	2.9987777312704006e-08	0.9419810418062204	0.018460015870639244	7.65818534e-316	0.039558912335362996
ATP2B4_boot.17	0.10920597875257998	0.48853104051053	0.053289537596787416	0.20098815537667253	0.1479852877634301
ATP2B4_boot.18	6.8702919565264e-229	0.7436687986719519	0.0907718083425222	3.7302834811224524e-239	0.16555939298552597
ATP2B4_boot.19	0.0380865104981981	0.5704448462107875	0.04338445192884024	0.17078218682251994	0.17730200453965425
ATP2B4_boot.20	0.019947527955918372	0.8429375305011847	0.06921225841240987	0.06790268313048696	4.8e-322
ATP2B4_boot.21	0.008116663596338296	0.8877184034270049	0.03842849402952405	0.06573643894713273	9.296647203058393e-219
ATP2B4_boot.22	0.08876799157658762	0.6021862567840982	1.6720224366832995e-34	0.1971200582280357	0.11192569341127853
ATP2B4_boot.23	0.005144706768265434	0.9689712132670181	0.025884079964716693	3.895974092717147e-158	2.4130459470844368e-161
ATP2B4_boot.24	0.21266274408066232	0.6883076918139412	0.010829161913506144	0.08820040219189024	3.883942482527165e-257
ATP2B4_boot.25	1.0910637068652959e-88	1.0	2.6774715154593314e-272	3.3599987459589095e-67	2.344215410433675e-74
ATP2B4_boot.26	7.038087921887663e-181	0.9279666375889147	0.007011601691273601	3.940009242589262e-299	0.06502176071981183
ATP2B4_boot.27	6.204071064050671e-244	0.7822689841686988	0.12288620160209174	1.733905704611022e-254	0.09484481422920941
ATP2B4_boot.28	1.13e-321	0.9768928702080687	1.695e-321	1.1384745434605952e-293	0.02310712979193118
ATP2B4_boot.29	0.2302700593921262	0.5438071911814483	1.23e-321	0.22592274942642548	4.095256954580791e-111
ATP2B4_boot.30	0.2015807879276788	0.570905029944089	2.6236505951583257e-82	0.20407871559415222	0.02343546653407992
ATP2B4_boot.31	2.751722149202423e-176	0.9361429020893974	0.06385709791060257	3.082099706363577e-121	2.507454624014761e-62
ATP2B4_boot.32	0.030017993219540927	0.789478089359765	0.052785594595616714	0.12771832282507736	3.29625339355968e-86
ATP2B4_boot.33	0.0908578360489964	0.6927540152374748	2.556538264989555e-95	0.1858624567820376	0.030525691931491166
ATP2B4_boot.34	1.767441901141509e-50	0.939196249633149	1.0129366615534206e-184	0.06080375036685099	1.1546598497936821e-222
ATP2B4_boot.35	5.01659465846764e-130	0.9874201368706722	2.1124686255599928e-83	8.15e-322	0.01257986312932779
ATP2B4_boot.36	0.09681208585292687	0.7639942093919883	2.5945656496625384e-44	0.08770243803979011	0.051491266715294866
ATP2B4_boot.37	4.1528144163479815e-44	0.7227065480313377	0.08329782327478857	2.3718906038052733e-56	0.19399562869387374
ATP2B4_boot.38	0.2574051073424926	0.1975874278443957	0.0038563720059172826	0.31571638814196445	0.22543470466522986
ATP2B4_boot.39	5.317924108255023e-82	0.8119191142353405	0.1193089121352466	6.52770940879262e-302	0.0687719736294129
ATP2B4_boot.40	2.7893292546642383e-121	0.9460752090227762	1.2626310292952594e-255	0.05392479097722385	6.020023124857133e-46
ATP2B4_boot.41	3.1842677632792555e-132	0.9649953668879371	0.03500463311206284	1.03e-321	6.726870219194706e-91
ATP2B4_boot.42	5.073774069625498e-176	0.9124650502625714	0.04541340999560584	3.062883171193304e-185	0.0421215397418229
ATP2B4_boot.43	4.501870022881045e-94	0.8290488579001544	0.03418647198747584	3.6054043024213875e-51	0.13676467011236978
ATP2B4_boot.44	3.423490438773633e-282	0.8251022836300212	0.06452265783469764	1.2576863071959734e-58	0.11037505853528093
ATP2B4_boot.45	0.12578997375519102	0.580917083001429	5.311106907153941e-232	0.2175564459171544	0.07573649732622555
ATP2B4_boot.46	0.256214671589772	0.5232993423761323	0.0005840812449352857	0.10689973145518111	0.1130021733339793
ATP2B4_boot.47	1.172597064627762e-246	0.863330778250555	0.04356096845515122	0.09310825329429363	2.67e-322
ATP2B4_boot.48	1.69e-321	0.9030854755632199	0.06665685769749209	7.2e-322	0.030257666739287932
ATP2B4_boot.49	1.0975158885834805e-128	0.6608588864104399	0.1884647353992905	9.04e-322	0.15067637819026955
ATP2B4_boot.50	8.233824204617437e-39	0.9130692111448023	0.08635462236863396	1.1216507026285338e-228	0.0005761664865637536
ATP2B4_boot.51	4.3023434831697454e-151	0.7029596590394722	0.13355950169995606	5.899845430754643e-213	0.1634808392605718
