Samples	SBS96A	SBS96B	SBS96C	SBS96D	SBS96E	SBS96F
OGG1_boot	4.059408812391463e-44	9.607269507165737e-44	0.15962127451535343	7.848190755879075e-44	3.247527187594652e-44	0.8403787254846465
OGG1_boot.1	4.2949112378249016e-44	0.0	0.1836616376316242	9.69818714212528e-44	3.4636382418637627e-44	0.8163383623683756
OGG1_real	4.214124247924381e-44	9.787645436298973e-44	0.1623630239448913	1.0467341387702334e-43	3.2625479431629805e-44	0.8376369760551088
UNG_boot	5.395549112177325e-44	6.037877634638354e-44	1.0	2.2738386660368203e-43	5.78094572242061e-44	7.039907381072776e-43
UNG_boot.1	1.36592157161611e-43	2.494292080788187e-43	0.916717229587866	1.662861125333857e-43	1.0541351706120221e-43	0.08328277041213403
UNG_boot.2	1.218729018312891e-43	1.4264672138169567e-43	0.9109500500278445	6.370629272087205e-44	0.08904994997215566	3.1576162921533278e-43
UNG_boot.3	1.1832247342747468e-43	1.4033598584405746e-43	0.8722215679869885	0.10141732038773107	6.053708199452774e-44	0.026361111625280594
UNG_boot.4	1.9097031208407258e-43	1.5106609897265697e-43	0.8746424473368142	2.6222790409228396e-43	0.11569531811209866	0.00966223455108722
UNG_boot.5	1.154591011895565e-43	0.0802434325369602	0.9197565674630399	6.16656593442216e-44	6.297769422792903e-44	2.755274179523046e-44
UNG_real	1.3210170468206157e-43	1.5220416944298728e-43	0.9842310626587656	1.3784526382615392e-43	1.4071703921409308e-43	0.015768937341234423
RNF168_boot	1.0	0.0	6.308746693902449e-44	5.327386446361328e-44	5.187192031477771e-44	4.2058314639604926e-44
RNF168_boot.1	0.9557154457470632	1.018475888652436e-43	1.2137997609567721e-43	0.04428455425293666	4.883102774085574e-44	1.130089522545334e-43
RNF168_boot.2	0.9999999999999999	1.0124921029986781e-43	6.24138828394515e-44	2.621383251127e-43	4.993110921110386e-44	8.183154179039285e-44
RNF168_boot.3	1.0	0.0	1.228258523540446e-43	1.5594744074157014e-43	4.968237016923156e-44	4.00219101316922e-44
RNF168_boot.4	1.0	9.513316475676821e-44	5.761584749505722e-44	1.4738938697646847e-43	4.689662281501281e-44	3.751729902884948e-44
RNF168_boot.5	1.0	0.0	6.500536804724617e-44	1.639265910408427e-43	5.228692955101939e-44	4.2394808621903507e-44
RNF168_boot.6	0.9999999999999999	0.0	5.513824433369701e-44	2.349939614961449e-43	9.058426388109039e-44	1.837941624049853e-43
RNF168_boot.7	1.0	0.0	6.2204521852162e-44	1.5620247622567627e-43	9.952724082282372e-44	8.155704625188053e-44
RNF168_boot.8	0.9999999999999998	0.0	1.24646426745046e-43	1.5650052384079085e-43	4.985857363329074e-44	4.0163851814012285e-44
RNF168_real	0.9999999999999999	0.0	6.249615423703281e-44	1.583236011142456e-43	4.999692633304369e-44	4.166410614024009e-44
ATP2B4_boot	2.9485608419186e-43	1.5224598341672565e-43	1.2719281853613117e-43	0.5566219572926664	0.3944314673543944	0.04894657535293937
ATP2B4_boot.1	2.157247863421621e-43	6.934012421879565e-44	1.129986957460125e-43	0.38497291140243245	0.5476366465998839	0.06739044199768365
ATP2B4_boot.2	9.5816291770974e-44	7.186223367230555e-44	1.2243192635681204e-43	0.6703053259737493	0.3296946740262508	1.8231712223544705e-43
ATP2B4_boot.3	7.190641748140299e-16	1.1372536414756413e-43	9.22988256784357e-44	0.5581067043350088	0.33705577059093117	0.10483752507405954
ATP2B4_boot.4	4.270774445521625e-43	0.12871692248579106	2.7578801315580336e-43	0.532048898667919	0.33923417884629	9.770776100774244e-44
ATP2B4_boot.5	9.831524273322115e-44	7.783291657453036e-44	9.558426219354606e-44	0.5596451836083466	0.3497589035344214	0.09059591285723198
ATP2B4_boot.6	1.9422953173689683e-43	0.0696553226394298	1.26382227472534e-43	0.4130604337291618	0.4760390024496367	0.04124524118177159
ATP2B4_boot.7	9.118429960622472e-44	6.773692227084836e-44	5.861847735247883e-44	0.8319336954757379	0.13164813010474102	0.036418174419521145
ATP2B4_real	0.13079161932698513	1.0106865520591114e-43	1.3216667348323019e-43	0.49824267752863105	0.3474449150088121	0.023520788135571655
ATP2B4_real.1	1.4823364356913948e-43	1.5095355811879303e-43	9.519591631997326e-44	0.6091195070632813	0.37525366340192734	0.015626829534791165
MLH1_boot	9.398365314479348e-44	0.9899575040848276	6.444593252317856e-44	1.890414144624218e-42	1.4634598038706048e-43	0.010042495915172391
MLH1_boot.1	9.47874577538276e-44	1.0	6.54166951184864e-44	2.1093547972217003e-43	7.476194167965279e-44	1.0279767193806773e-43
MLH1_real	9.563045302003083e-44	1.0	6.599848057430867e-44	4.997028142540269e-43	7.677374722871125e-44	1.0505881417254852e-43
MSH2_real	9.253853249201106e-44	0.9999999999999999	1.2823196434044259e-43	4.825223716803367e-43	1.480616582644087e-43	1.0047041304549101e-43
MSH6_boot	9.595610575772325e-44	0.9624128455794129	1.3159694287094858e-43	8.869086210405042e-43	0.037587154420587195	3.522960105124921e-43
MSH6_boot.1	9.919936966070096e-44	0.981519250026454	1.3639913103612739e-43	0.01848074997354599	3.072425051693488e-43	2.851982057710783e-43
MSH6_real	9.522212651571883e-44	0.9746729283247996	6.529517139210659e-44	0.016127855854984396	7.209675598992892e-44	0.009199215820216112
MSH6_real.1	9.996502959727712e-44	0.9820744671073066	1.374519134315738e-43	1.466955707557136e-21	4.55396265250036e-43	0.017925532892693472
PMS1_real	4.833141341025881e-44	0.67104084157167	3.2906493694598686e-44	2.1594887902941337e-44	0.1855027531725812	0.1434564052557487
PMS2_real	1.987314127992718e-43	0.9641967098634692	0.0	0.03580329013653082	1.4954047537696242e-43	1.7315213296916716e-43
