Samples	SBS96A	SBS96B	SBS96C	SBS96D	SBS96E
OGG1_boot	0.9068557998124587	0.017991002130180594	5.63e-322	0.020766414754075414	0.054386783303285335
OGG1_boot.1	0.8568054261884356	1.4464992581697769e-106	0.02628013283820748	0.02525048352532077	0.09166395744803613
OGG1_boot.2	0.8417809812389588	0.000755822783389617	0.0716880549481806	0.053561884225865164	0.032213256803605754
OGG1_boot.3	0.7998742883544737	2.895e-321	0.11277482614642297	0.01670176577136219	0.07064911972774122
OGG1_boot.4	0.7202101049699324	0.021090534968849203	0.16606619287167404	0.0498268158510658	0.04280635133847854
OGG1_boot.5	0.8699904449028802	0.05168056828726768	4.5318094358475436e-27	2.3e-321	0.0783289868098522
OGG1_boot.6	0.8286692108723781	0.042169471430652056	0.014079554912956774	0.06519240350770743	0.04988935927630565
OGG1_boot.7	0.8433007642517452	0.019042569671140493	0.04277647362294463	0.028886392639817786	0.0659937998143518
OGG1_boot.8	0.8010775549645189	2.6023725023264343e-235	0.09756027331355167	0.03544261804308532	0.06591955367884393
OGG1_boot.9	0.750271888425757	0.012411379589460843	0.1315297907059514	0.03921468969445965	0.06657225158437116
OGG1_boot.10	0.8514202535086841	0.007100866189855168	0.10560428763325207	0.003168738277050671	0.03270585439115817
OGG1_boot.11	0.75836637939273	0.01710416488282246	0.178909608155652	0.04319595868049373	0.0024238888883016826
OGG1_boot.12	0.8490125192465353	0.01881070896926848	0.04643429807694059	0.029866949918170644	0.05587552378908492
OGG1_boot.13	0.8501851225420661	0.006717664874865863	0.023106839464450413	0.06588145654581672	0.05410891657280078
OGG1_boot.14	0.759314054020125	0.01846204915642029	0.13773495619617976	0.02355141200125416	0.06093752862602094
OGG1_boot.15	0.7297406131374451	6.397716846324375e-33	0.17652152664578716	0.04498056657795859	0.04875729363880916
OGG1_boot.16	0.8806654468365774	0.04689886695142726	3.3767873836736847e-192	1.9e-321	0.07243568621199514
OGG1_boot.17	0.761606709361847	4.975e-321	0.1233197978830993	0.025944974491338403	0.08912851826371522
OGG1_boot.18	0.7318852180764245	6.783361349448561e-230	0.19457226097452915	1.53e-321	0.07354252094904648
OGG1_boot.19	0.7313446611246789	0.02844427166425429	0.17579281118270956	0.008044586327474177	0.056373669700882936
OGG1_boot.20	0.7775187927575836	0.03865653065839967	0.11271284523624214	0.03392768230462574	0.037184149043148894
OGG1_boot.21	0.8885054469214149	0.022209458656520662	0.010289817258772144	0.054492582563614535	0.02450269459967778
OGG1_boot.22	0.7099628738233198	0.03456477964688614	0.14410006060438388	0.04504817254755177	0.0663241133778585
OGG1_boot.23	0.822515679067181	0.006437812500389364	0.0677668459459808	0.035443186490463775	0.06783647599598507
OGG1_boot.24	0.7439880253504592	0.08457082907840349	0.060700062077540286	0.01943142706237149	0.09130965643122542
OGG1_boot.25	0.7743216076829998	2.8029225800710087e-91	0.10141059180822785	0.03667991501182885	0.08758788549694355
OGG1_boot.26	0.7598600336459607	4.093044224315628e-267	0.1391066444276312	0.025456208402453842	0.07557711352395412
OGG1_boot.27	0.8163047437401555	9.068678971345513e-308	0.13230352938227452	1.4304559625908502e-57	0.051391726877569946
OGG1_boot.28	0.7964148005462794	0.092180502818851	0.042369501260469886	0.05327519836374215	0.015759997010657487
OGG1_boot.29	0.8472445927963067	0.0012242433429628305	0.033565039180188584	0.05347956356403679	0.06448656111650523
OGG1_boot.30	0.8799408183279158	2.465e-321	1.2851780714459508e-50	0.0651059023640482	0.05495327930803595
OGG1_boot.31	0.8396324351248369	0.012304899845827185	0.08306642318097263	0.026037258110150695	0.03895898373821277
OGG1_boot.32	0.7808689411638502	5.571477315064201e-56	0.1550963145376226	0.009319046165145025	0.05471569813338203
OGG1_boot.33	0.8120936641049952	1.1717686660513903e-73	0.10227394670204297	0.03843013362859441	0.04720225556436755
OGG1_boot.34	0.7910113208874636	0.0139360326487058	0.11521170752487844	0.043607793496232415	0.03623314544271972
OGG1_boot.35	0.7915538826148988	0.03944128838905467	0.11509328685687778	0.0006830554918168954	0.05322848664735181
OGG1_boot.36	0.8311693178443009	0.044854148474815225	0.07021587411782898	0.038514680086598675	0.0152459794764563
OGG1_boot.37	0.7894241377698951	2.955e-321	0.12894611741658155	0.025675467782753685	0.05595427703076969
OGG1_boot.38	0.8795060740146331	1.0053706267514378e-264	0.05269018299526454	0.03630317743130071	0.03150056555880164
OGG1_boot.39	0.7311439889002047	1.576e-321	0.1993277465571287	2.279124704982257e-283	0.06952826454266654
OGG1_boot.40	0.8376298858283374	1.421573840792947e-295	0.04434096321281998	0.030540671535894764	0.08748847942294775
OGG1_boot.41	0.8308068638200259	0.011965138330384272	0.03889324897643416	0.03318142282591095	0.08515332604724467
OGG1_boot.42	0.7952671663237747	0.010125021262860655	0.1307291418090915	0.020359929892361687	0.0435187407119115
OGG1_boot.43	0.8088701632944371	5.324718919112423e-47	0.13690818106221253	0.017403255244193082	0.03681840039915733
OGG1_boot.44	0.8065417101672904	3.1868632129470747e-229	0.14207082857315995	0.005953232615537633	0.045434228644012004
OGG1_boot.45	0.8367479478965945	3.917072405386178e-249	0.07602159169774313	0.01646177097307805	0.07076868943258452
OGG1_boot.46	0.7676850657576748	0.03061382851957439	0.09721074650762726	0.08129628878414726	0.02319407043097627
OGG1_boot.47	0.789319326850996	0.049062903112944325	0.10445701877115374	0.057160751264905954	2.547651716059482e-31
OGG1_boot.48	0.7976433795610569	0.06916298036281561	0.04677464336661114	0.08317981405152661	0.0032391826579894725
OGG1_boot.49	0.7430289305332652	0.07618496798818587	0.134835550163925	0.04595055131462391	2.3549721463949534e-304
OGG1_boot.50	0.8649443076637067	0.07274080306832427	0.01796433799010887	0.036769294694622826	0.00758125658323727
OGG1_boot.51	0.8311374341786305	0.07483693510432375	0.05635767260512682	0.037667958111918844	1.887e-321
OGG1_boot.52	0.8799381430692791	0.060687448748397044	0.005634788010505224	0.045789186941455624	0.007950433230363022
OGG1_boot.53	0.7508405129729472	0.051962044821865096	0.13541520261266263	0.06178223959252518	1.0946982708149921e-219
OGG1_boot.54	0.8052863841138969	5.910961013263203e-41	0.1512300866170931	0.015233725780399195	0.028249803488610684
OGG1_boot.55	0.790072677200145	0.07891023643446403	0.040173397773031715	0.09084368859235915	1.1899338742477014e-92
OGG1_boot.56	0.8038724493264361	0.06494004788371618	0.05163277446458817	0.07827925785128499	0.0012754704739745555
OGG1_boot.57	0.8191014156147802	0.04418415031285045	0.09146473278524807	0.03819718381296466	0.00705251747415664
OGG1_boot.58	0.8318517615327035	0.05479568897683823	0.08511032466266712	0.02824222482779119	2.03e-321
OGG1_boot.59	0.7582050775258095	0.05625141110419974	0.16380475836062094	0.021738753009369876	3.034e-321
OGG1_boot.60	0.7359530764539032	0.07287124765562415	0.1566566870949292	0.033621371375358894	0.0008976174201845638
OGG1_boot.61	0.7890156585008755	0.07566877410465167	0.11378848545725813	0.02152707585659514	6.080619457049685e-09
OGG1_boot.62	0.7555954991556191	0.06914241023526292	0.11039111142941177	0.06487097917970615	3.12e-321
OGG1_boot.63	0.8338597321406557	0.062375438850511535	0.040951089050680026	0.028359304977655937	0.03445443498049676
OGG1_boot.64	0.8247260596864937	0.08763478565214351	0.06294703170128912	0.023621100395450262	0.0010710225646234461
OGG1_boot.65	0.7469463011078894	0.07157647290208918	0.1012040767984488	0.08027314919157263	1.7993178562636363e-247
OGG1_boot.66	0.8336848613829987	0.05974943305039471	0.049050577329302264	0.057515128237304446	2.869e-320
OGG1_boot.67	0.83586704448942	0.08941016302445357	0.016079950928108776	0.05864284155801769	7.53542108357823e-288
OGG1_boot.68	0.7913935091015237	0.11843072492069513	0.011715230436736083	0.078460535541045	4.518035186262257e-111
OGG1_boot.69	0.8368286824788416	0.04834517480492857	0.06903559622860317	0.04579054648762497	1.8070949216006684e-15
OGG1_boot.70	0.8366484892738728	0.047509023855116	0.04796890399127008	0.049988161292389616	0.017885421587351364
OGG1_boot.71	0.8122206130980525	0.04233200573415997	0.088589574899134	0.056857806268653645	5.1488707690007975e-236
OGG1_boot.72	0.7913642724232062	0.08716180251467086	0.09083948152287281	0.030634443539250107	3.656e-321
OGG1_boot.73	0.825905216066485	0.07375531386949664	0.04898849060523932	0.035198962554102216	0.01615201690467687
OGG1_boot.74	0.7880814896441701	0.0796342611965079	0.07072918940671867	0.06155505975260331	2.0405160885076904e-122
OGG1_boot.75	0.8251178170127426	0.03788967739928593	0.07660113509415196	0.041608899045120974	0.018782471448698386
OGG1_boot.76	0.8586371876080879	0.027609790229989512	0.06643101199453161	0.047322010167390995	5.712495794071338e-134
OGG1_boot.77	0.775136998001738	0.06935033943364706	0.1361985991119812	0.01931406343645684	1.6176972714698256e-11
OGG1_boot.78	0.840924131997716	0.040041083371886034	0.09871146232581163	0.019104320956496116	0.0012190013480903048
OGG1_boot.79	0.798952700392195	0.10325910690699608	0.03913431834872351	0.05865387435208531	3.053e-321
OGG1_boot.80	0.8044702077415434	0.05895568181598238	0.07495849232792046	0.05393245184835092	0.007683166266202643
OGG1_boot.81	0.8195915276446295	0.03469034518734965	0.09313336154704195	0.0525847656209788	2.67e-321
OGG1_boot.82	0.7908322463404942	0.054458561318316036	0.11889991803942367	0.03580927430176592	2.6573496813883942e-281
OGG1_boot.83	0.814980524936556	0.07212229956613807	0.07144978042003355	0.04144739507727234	1.9590960198336082e-156
OGG1_boot.84	0.8111357589376015	0.029382645664596408	0.12502274942239977	0.0011428844698036162	0.03331596150559873
OGG1_boot.85	0.8284667334308045	0.008243428902262078	0.09970817077791337	0.03613213693036265	0.02744952995865751
OGG1_boot.86	0.7804988750883857	0.046009128447813075	0.12230777766537636	0.0389485125282347	0.012235706270190173
OGG1_boot.87	0.797157634953142	0.07156225752402867	0.08833935836449155	0.0334827314503317	0.009458017708006184
OGG1_boot.88	0.7898823346800552	0.07425224655551912	0.08930091131001766	0.04656450745440808	4.553143524078232e-190
OGG1_boot.89	0.7838093777737205	0.08434427267557121	0.10249285719323688	0.029353492357471395	2.683e-321
OGG1_boot.90	0.6918133962038876	4.476e-321	0.30046911891456535	3.1694126244250365e-153	0.007717484881547042
OGG1_boot.91	0.8277645242725634	0.024064815845656517	0.11592643718383391	0.012563492484626066	0.01968073021331992
OGG1_boot.92	0.7816071970219208	0.031113998129680034	0.16838455632040486	0.002151778297925208	0.016742470230069178
OGG1_boot.93	0.7223855751400066	0.017575576851088407	0.22047984172402119	0.02534877713205754	0.014210229152826223
OGG1_boot.94	0.6423213851816038	2.406371718987483e-34	0.3463191895065373	1.76e-321	0.011359425311859093
OGG1_boot.95	0.7236876570060806	0.03570855882980909	0.23260453109977927	0.007999253064331125	5.875890654320211e-29
OGG1_boot.96	0.6136122518864168	2.594e-321	0.37727061835311465	2.75e-321	0.009117129760468481
OGG1_boot.97	0.7744953927857454	0.020704814824962836	0.1532674642196434	0.005966580523319245	0.04556574764632888
OGG1_boot.98	0.7343330450735125	3.9e-321	0.23404853339820994	2.475e-321	0.031618421528277506
OGG1_boot.99	0.64280378401838	0.0003544091444963007	0.3568418068371236	3.116802701833915e-108	3.014e-321
OGG1_boot.100	0.775459587256496	0.02220823040711997	0.16189371969807825	0.010458681934165997	0.029979780704139807
OGG1_boot.101	0.8021171748975324	0.047383591753019656	0.09875682312419644	0.007038840968246205	0.044703569257005304
OGG1_boot.102	0.7494395527363249	0.01908283864991825	0.18160157461339593	0.03107884056349852	0.018797193436862487
OGG1_boot.103	0.7276286735702026	0.030596740843149995	0.16966060586687004	0.035577538923602076	0.03653644079617538
OGG1_boot.104	0.8454013268317637	1.3903537254125394e-61	0.12273405083887302	0.03186462232936312	3.305e-321
OGG1_boot.105	0.6514030496911603	0.020276118164268157	0.2941411603743442	0.02174569698034583	0.012433974789881825
OGG1_boot.106	0.6641378207133792	3.1839271870957844e-120	0.2953438480457267	1.2451893325664548e-12	0.0405183312396489
OGG1_boot.107	0.736455696028219	1.9118019193053031e-286	0.24399794084429652	0.019546363127484524	1.4028351115541859e-52
OGG1_boot.108	0.7439873042234897	0.03995730841191956	0.2160553873645907	7.149658411573514e-154	1.1522745886809973e-47
OGG1_boot.109	0.7622056135603367	5.4783531567169315e-233	0.2083346748465098	0.010232097711224356	0.01922761388192915
OGG1_boot.110	0.7084052048161998	0.021907122583360587	0.2503313129610077	2.32e-321	0.019356359639431917
OGG1_boot.111	0.680364505018922	5.6924253852883354e-95	0.21973611787294084	0.004290880588936965	0.09560849651920006
OGG1_boot.112	0.7243252406391987	0.03366855344756585	0.1755187803298426	0.06648742558339306	1.0907495058041142e-181
OGG1_boot.113	0.7377091924121986	0.021428814130953596	0.21316058482970138	7.380994571262141e-127	0.027701408627146516
OGG1_boot.114	0.7699452400039746	0.0005519501001432564	0.18884955768992287	5.876398727486555e-185	0.04065325220595914
OGG1_boot.115	0.7389982768094041	0.03234225331670927	0.2286594694850511	3.888355563349279e-10	2.433913201040952e-206
OGG1_boot.116	0.6152603880708919	0.06414786043542282	0.32059175149368513	4.460487334487109e-131	2.85972991806981e-183
OGG1_boot.117	0.7580665828046356	5.316e-321	0.18077447335811356	0.021750516397492765	0.039408427439758
OGG1_boot.118	0.7679872231616084	0.016204719451489616	0.1954240227803368	0.01133246650200459	0.009051568104560658
OGG1_boot.119	0.7703761992729101	3.344562615374181e-67	0.16187733413095673	0.03335901737010267	0.03438744922603047
OGG1_boot.120	0.7634400153911992	0.013754566939932647	0.1610483600958331	0.04308902049231964	0.01866803708071545
OGG1_boot.121	0.7022415480648982	2.085e-321	0.23965012956095016	2.62e-321	0.058108322374151436
OGG1_boot.122	0.7710838321708285	0.024487851543559074	0.2044283162856125	2.6145506570540213e-149	9.411802405229056e-73
OGG1_boot.123	0.8585148703125645	0.009348319962438695	0.05336697797752279	0.03780597415483018	0.04096385759264371
OGG1_boot.124	0.6733672202029325	1.497e-321	0.28688984757727864	1.09e-321	0.03974293221978874
OGG1_boot.125	0.7021668386613122	0.033143322197575625	0.20460672838858235	0.009472221558373167	0.05061088919415685
OGG1_boot.126	0.7395831673376283	0.0005035702282037871	0.23049167632508852	2.623e-321	0.029421586109079433
OGG1_boot.127	0.7476823135866936	0.02172839127864713	0.16402933223508587	0.025179723695815632	0.04138023920375782
OGG1_boot.128	0.6793904093823723	0.030676172722094674	0.2788471297400703	2.525e-321	0.011086288155462727
OGG1_boot.129	0.6350591685376155	2.16e-321	0.31994646275365546	1.7944114179414201e-97	0.04499436870872906
OGG1_boot.130	0.7461535241058835	2.123309465254644e-153	0.20498520744226184	1.5762370220933023e-281	0.04886126845185473
OGG1_boot.131	0.643964820860937	0.015052983119984112	0.3409821960190788	1.9988543849111086e-196	1.8547212304084087e-207
OGG1_boot.132	0.6530415656379798	7.237791329018714e-177	0.333124423194561	0.01383401116745935	2.253e-321
OGG1_boot.133	0.7139152259589785	0.029027863409862735	0.25705691063115876	6.523862837547415e-125	1.6367797880338546e-231
OGG1_boot.134	0.7294698079769596	0.05399331122957843	0.21457469343737862	0.001962187356083342	1.0313332241755272e-53
OGG1_boot.135	0.7869169939440964	0.01560688420485821	0.16239311672558776	0.03508300512545754	1.6369700409376868e-68
OGG1_boot.136	0.7734128684200244	1.2509345352336647e-111	0.19193046279215836	0.009484384616265619	0.025172284171551602
OGG1_boot.137	0.8303911222789905	6.117e-321	0.16960887772100938	1.04e-321	3.723193897439628e-174
OGG1_boot.138	0.7937216500169554	2.9766619922866947e-49	0.1800632792261085	5.549555466504591e-65	0.026215070756936062
OGG1_real	0.8211846698378663	0.0060589899426595085	0.09137190200486889	0.021194274952982095	0.06019016326162315
OGG1_real.1	0.808403005369605	0.0602417848449926	0.0826046285962108	0.04851092186052002	0.0002396593286716334
OGG1_real.2	0.7398943982460439	0.007128282331905056	0.21748999525241539	0.006205197336249357	0.029282126833386313
UNG_boot	0.0738309646898058	0.09700841973767872	0.250547029358716	0.5786135862137997	7.78725179293848e-52
UNG_boot.1	0.1257343433291004	0.12615786131154497	0.1386359301812401	0.5792899592090169	0.03018190596909782
UNG_boot.2	0.13021144267781534	0.0055670972278614814	0.28418868837863825	0.5579443296961377	0.022088442019547076
UNG_boot.3	0.12747530555484923	0.10786756588434754	0.2194091861359844	0.5452479424248187	8.55e-322
UNG_boot.4	0.06361069782368044	0.05789904950627748	0.33006776497370366	0.5110745022019804	0.037347985494358055
UNG_boot.5	0.11117763452055508	0.09777532306059851	0.2785941839941386	0.5004501596639944	0.012002698760713176
UNG_boot.6	0.07554424163919975	0.10197552845771642	0.32756586594187176	0.49491436396121213	5.04e-322
UNG_boot.7	0.05044485143231304	0.04650284927406472	0.2656194084538676	0.6374328908397546	3.2885972394832163e-205
UNG_boot.8	0.1727634404152057	0.07228688590608592	0.10231426215997314	0.5904179841715914	0.062217427347143944
UNG_boot.9	0.14621869335306145	0.021067963274401497	0.28284665571553996	0.5152948275416367	0.03457186011536043
UNG_boot.10	0.20354361737158677	0.019430921954227402	0.1351600427394754	0.6418654179347104	6.26087701332053e-188
UNG_boot.11	0.1493321412488381	0.05363227335128205	0.2169925871640337	0.5655460145864117	0.014496983649434319
UNG_boot.12	0.09843972088702173	0.05609199201216204	0.2573258100646274	0.5881424770361887	3.8080780104770984e-27
UNG_boot.13	0.08126753047199663	0.10284848520522322	0.25316877069071464	0.5084293941132412	0.05428581951882426
UNG_boot.14	0.029410425530214064	0.00638003003201009	0.30883757882215107	0.6553719656156248	1.09e-321
UNG_boot.15	0.07330641484477748	0.08659488972494131	0.1737500662661329	0.6663486291641482	1.428450197602561e-112
UNG_boot.16	0.09278257723012882	0.03363152606321904	0.29460150044124617	0.5789843962654059	3.338844390119534e-30
UNG_boot.17	0.10709313775298798	0.0966176752940693	0.2586398775365574	0.5280678567472818	0.009581452669103619
UNG_boot.18	0.16753222242019777	0.08581728983857322	0.12066006063537953	0.6259904271058494	6.840533381698545e-267
UNG_boot.19	0.07771876415555096	4.076798964841849e-05	0.2744381766765874	0.5586248683820474	0.08917742279616582
UNG_boot.20	0.1633215566461217	0.09883330164169878	0.19635552910856865	0.5414896126036108	8e-322
UNG_boot.21	0.06863371404865255	0.09243009020976344	0.32210765486527465	0.5168285408763095	1.245e-321
UNG_boot.22	0.09045257144071303	0.12143003214556128	0.15019533864182585	0.6379220577718998	7.26e-322
UNG_boot.23	0.12092506351748304	0.028771906390756115	0.2769152754180026	0.5733877546737584	6.06689423527147e-167
UNG_boot.24	0.07790226476154141	0.05394131642945589	0.19205130429826645	0.6761051145107363	5.2e-322
UNG_boot.25	0.1824356594733978	0.029141498751978467	0.20502500017962264	0.5833978415950012	1.457e-321
UNG_boot.26	0.11620060746232311	0.09114363760488232	0.30627760900077416	0.48637814593202033	2.426e-321
UNG_boot.27	0.07569452307529781	0.1617696357149638	0.21650585441358755	0.5460299867961509	2.006e-321
UNG_boot.28	0.18482294289301246	0.07321979311515547	0.21313102503423564	0.5288262389575963	2.045e-321
UNG_boot.29	0.08972778647339252	0.10594599939621568	0.1807618208416952	0.6235643932886965	2.134e-321
UNG_boot.30	0.14890253789150468	0.06027464460368088	0.17616193226851792	0.6146608852362965	7.471095376944098e-20
UNG_boot.31	0.0669454791669568	0.06908527827975232	0.26284052134760993	0.601128721205681	1.89e-321
UNG_boot.32	0.08875757255584862	0.036982122382945376	0.378230653479049	0.49602965158215695	2.634980217581531e-199
UNG_boot.33	0.057756726587691785	0.10380851984077553	0.3250719641345603	0.4985436608488115	0.014819128588160793
UNG_boot.34	0.15828095584554952	0.059826508108985425	0.1773603276969429	0.6045322083485221	1.37e-321
UNG_boot.35	0.07182531491293366	0.03750565362067728	0.2869379445077041	0.6026628458133471	0.0010682411453378352
UNG_boot.36	0.1343200354518925	0.056655549904375206	0.21914587613491335	0.589878538508819	5.4e-322
UNG_boot.37	0.17280716352282516	0.042218623773828214	0.2123348566625939	0.49473665951678025	0.07790269652397232
UNG_boot.38	0.06790662346553393	0.0124551642429029	0.3281554573768558	0.5914827549147073	7.6e-322
UNG_boot.39	0.11130621282091677	0.025761305314668546	0.2690939369087583	0.5938385449556564	1.56e-321
UNG_boot.40	0.19295614552777987	0.12714724762894916	0.08316148949865391	0.596735117344617	1.96e-321
UNG_boot.41	0.07676893832383969	2.577519382748017e-80	0.26295577235602247	0.6331500353304707	0.027125253989667177
UNG_boot.42	0.06935515356789247	0.09883650146621452	0.26616587260585706	0.565642472360036	8.4e-322
UNG_boot.43	0.17734292850985764	0.10707594665713804	0.1300848526416021	0.5854962721914022	2.006e-321
UNG_boot.44	0.1416695163103325	0.05717786257780346	0.258214314857768	0.5429383062540959	1.993963171266464e-130
UNG_boot.45	0.11357327510088314	0.0651722955796134	0.17083343735912285	0.6421841936504806	0.008236798309899962
UNG_boot.46	0.15190604403901725	0.02411975236691447	0.14526428551884968	0.6787099180752185	1.596e-321
UNG_boot.47	0.10373735482290959	0.029178152189087276	0.2789655835727373	0.5881189094152659	1.05e-321
UNG_boot.48	0.12855428365219412	0.1084684464915255	0.16203374924358724	0.6009435206126931	2.42e-321
UNG_boot.49	0.10891435657573406	0.0395045137363814	0.3643052046732436	0.4760171405463336	0.011258784468307121
UNG_boot.50	0.09484146848164247	0.11834586835936155	0.150059927392433	0.630228994952384	0.006523740814178791
UNG_boot.51	0.102337780552938	0.026608664244170608	0.18828126829185288	0.6017025906540674	0.08106969625697122
UNG_boot.52	0.04211330523647604	0.018959211352171216	0.2932948358332378	0.6456326475781149	1.3782325282459003e-82
UNG_boot.53	0.12417659676726708	4.12e-321	0.21183917232349547	0.584994185087913	0.07899004582132442
UNG_boot.54	0.07601178305492198	0.029767836344057455	0.20832982694417954	0.6637600837269284	0.022130469929912563
UNG_boot.55	0.09480329760514637	2.68440989923924e-18	0.27448013103692126	0.5612933286203841	0.06942324273754841
UNG_boot.56	0.07484144822208384	0.023131925815116604	0.19046900867796104	0.6634394064916864	0.048118210793152046
UNG_boot.57	0.12602181698232898	2.317e-321	0.14772358010696823	0.6147366703143775	0.11151793259632539
UNG_boot.58	0.11963129776781298	1.79e-321	0.18811477006613087	0.5885599142404897	0.10369401792556654
UNG_boot.59	0.1260646818748258	0.04350158852270383	0.19087505186561843	0.6111834002617599	0.028375277475092085
UNG_boot.60	0.11613690732168779	0.016620528828878735	0.2522273863578492	0.5355305924224628	0.07948458506912154
UNG_boot.61	0.09785622180707823	4.16e-321	0.20354789222499348	0.5878882321395966	0.11070765382833177
UNG_boot.62	0.05345648168297235	1.66e-321	0.22670248896621636	0.6214701878265756	0.09837084152423581
UNG_boot.63	0.08773627771051416	5.074e-321	0.16934846440148965	0.6736919516609856	0.06922330622701058
UNG_boot.64	0.07964523892765903	0.03168561587482482	0.2654875034824341	0.6192451092252923	0.003936532489789983
UNG_boot.65	0.15119801281731998	1.84e-321	0.1160476138036481	0.6503646956603575	0.08238967771867446
UNG_boot.66	0.150641596607349	3.957374945510011e-282	0.14548888511568017	0.645640018174451	0.05822950010251988
UNG_boot.67	0.12572735533894164	3.16225683243769e-07	0.21498880077561902	0.5899574219820958	0.06932610567766027
UNG_boot.68	0.11531017593769234	0.007503863459485724	0.14044523117327548	0.6366278613777236	0.10011286805182286
UNG_boot.69	0.09182588362070548	0.0552562699110854	0.1990985882174734	0.6125837320847172	0.04123552616601871
UNG_boot.70	0.06572117419701404	0.04691292078531363	0.31419283684079835	0.573173068176874	2.564e-321
UNG_boot.71	0.14891423044620264	0.018856277897531422	0.16984659670525734	0.6286936573363902	0.033689237614618464
UNG_boot.72	0.05956310370050017	0.10666143648154974	0.2261058370690988	0.5912266707450662	0.016442952003785018
UNG_boot.73	0.1286686756294328	1.645e-321	0.14812828171905698	0.5770995229617526	0.14610351968975763
UNG_boot.74	0.1088091489476748	7.384027660012115e-114	0.15591667835412185	0.6064305817436211	0.12884359095458237
UNG_boot.75	0.10483080503468692	0.04372718286027479	0.16620091216516708	0.6223235696188553	0.06291753032101585
UNG_boot.76	0.11197385650560047	4.926e-321	0.17343531057475337	0.6266726374245359	0.08791819549511015
UNG_boot.77	0.13898179299525837	0.005215895888849733	0.17445695093685756	0.5987724798479936	0.08257288033104077
UNG_boot.78	0.08895405379499774	0.061565792903538814	0.25620061739988004	0.553218188509291	0.040061347392292286
UNG_boot.79	0.13697544905898057	3.454e-321	0.23715512016900395	0.5592280822796034	0.06664134849241203
UNG_boot.80	0.047064864609505944	1.625e-321	0.2919934226699813	0.5434604809745234	0.11748123174598937
UNG_boot.81	0.11513300275501463	1.2078197497361459e-67	0.15845342450014335	0.5721680552458005	0.15424551749904153
UNG_boot.82	0.13083684858889474	0.0025634218313939218	0.12160097106582671	0.6683280034190855	0.07667075509479909
UNG_boot.83	0.0800697418275759	0.05746332254305259	0.23830483625957546	0.5920251235103314	0.03213697585946441
UNG_boot.84	0.07720222084105036	2.288e-321	0.24757731776981715	0.5845521848329438	0.09066827655618859
UNG_boot.85	0.14980178783846765	0.030071408476013996	0.16207331821445645	0.5925978193320781	0.06545566613898367
UNG_boot.86	0.12171707968717366	0.030234895509690708	0.1698894157884005	0.6492181201991383	0.028940488815596865
UNG_boot.87	0.12371924147391702	4.9862636568372366e-231	0.2352776349419976	0.5666456465977248	0.07435747698636058
UNG_boot.88	0.11203356752723272	1.55e-321	0.1884824054033611	0.5908914578730703	0.10859256919633592
UNG_boot.89	0.09451522530575181	0.03440038076886123	0.14966955723442898	0.6578650521522417	0.0635497845387164
UNG_boot.90	0.05705950785184183	7.472986040795868e-13	0.2822752935153121	0.5847605548749658	0.07590464375713289
UNG_boot.91	0.1057640177258555	5.12573168026574e-186	0.1776535340347782	0.6312690113605495	0.08531343687881687
UNG_boot.92	0.07458467412415667	0.007866490214362943	0.2069782883094929	0.6311092458890092	0.07946130146297838
UNG_boot.93	0.12115288445380563	0.0251707053537891	0.23025426285497086	0.59013389298769	0.03328825434974447
UNG_boot.94	0.11106783563855323	0.028330411702876614	0.2194837808833182	0.5817745343545526	0.059343437420699446
UNG_boot.95	0.0986352949832002	4.807e-321	0.23136312126462796	0.5772953901633631	0.09270619358880883
UNG_boot.96	0.12672333476180447	0.0556661180271115	0.12927654517378143	0.6374595596086673	0.05087444242863544
UNG_boot.97	0.052884121905353146	3.073e-321	0.21599285011579233	0.6151376871455168	0.11598534083333784
UNG_boot.98	0.11553506741699165	0.039850277143596395	0.1944426662728134	0.6501719891665986	4.70493624447305e-172
UNG_boot.99	0.11489560310941084	0.012078339548802611	0.27233023935845174	0.5812509449460088	0.01944487303732595
UNG_boot.100	0.06298338683798538	0.05345770694749598	0.13957325481221355	0.6413198730785803	0.10266577832372492
UNG_boot.101	0.08317966383048336	0.005851451745158518	0.2266110155348985	0.637129735692325	0.047228133197134634
UNG_boot.102	0.06357875963803973	5.677e-321	0.27000673164049466	0.5682798044050619	0.09813470431640382
UNG_boot.103	0.11662576965037613	1.566e-321	0.29680145939122454	0.5332762509746168	0.053296519983782466
UNG_boot.104	0.0875889942758055	1.033e-321	0.2322672284162683	0.5657758425105573	0.11436793479736872
UNG_boot.105	0.05399796376751097	1.64e-321	0.23462102084449954	0.5741036820071433	0.13727733338084627
UNG_boot.106	0.19999203370238508	0.06861124035717162	0.17655270448546026	0.537919808564585	0.016924212890398162
UNG_boot.107	0.13743356704530055	0.04602015869182223	0.10469403191494422	0.7000945270162743	0.011757715331658888
UNG_boot.108	0.11503979287493327	0.11730876078281852	0.22145613366864175	0.5461953126736065	7.210285756821853e-297
UNG_boot.109	0.1838368255741593	0.0668173560782051	0.1878449687682727	0.49259982137816904	0.06890102820119393
UNG_boot.110	0.07770713871327524	0.011780580640757599	0.20759157020976848	0.7029207104361985	5.923701596043448e-264
UNG_boot.111	0.11935362379736257	0.03923410844407711	0.26001877673777274	0.5813934910207876	2.535e-321
UNG_boot.112	0.11325067697069541	4.274751220574469e-90	0.20423981964793478	0.6205955563853173	0.06191394699605255
UNG_boot.113	0.12048812578363331	0.040279331747460664	0.14968514410324704	0.6277726095008245	0.0617747888648344
UNG_boot.114	0.23282259422696341	0.027018670299680348	0.05689465843711102	0.6537419426759209	0.029522134360324224
UNG_boot.115	0.1688421740708818	5.854682727180635e-104	0.23718706944029802	0.5345413615385533	0.05942939495026689
UNG_boot.116	0.18873826323102405	0.03805823187585899	0.14288503611092682	0.6303184687821902	1.8591751351991796e-21
UNG_boot.117	0.16905166159058027	0.027362708313452663	0.12555512434776078	0.6419388671168944	0.03609163863131194
UNG_boot.118	0.1256080569366107	5.221072524658738e-247	0.2603171764236785	0.5589013022999101	0.05517346433980083
UNG_boot.119	0.170648263410218	2.574e-321	0.20497611673928576	0.49837085924627345	0.1260047606042227
UNG_boot.120	0.20419011658973776	0.059099390954607915	0.08930434257132581	0.6254296830050172	0.02197646687931115
UNG_boot.121	0.17078965509250008	3.804e-321	0.13059537427647966	0.6943405303423026	0.004274440288717831
UNG_boot.122	0.11132827909296188	3.22e-321	0.23101368440920367	0.5699231860290699	0.08773485046876454
UNG_boot.123	0.16318159918140288	7.148607644343311e-268	0.18324655958911285	0.6333923990112602	0.020179442218224035
UNG_boot.124	0.13537044137323428	0.044848718502097686	0.1267921359165105	0.6678301469102923	0.02515855729786533
UNG_boot.125	0.10260739541660653	2.796e-321	0.29776515100361234	0.5805645999122258	0.0190628536675553
UNG_boot.126	0.10687346994986897	2.633e-321	0.3024409137161318	0.5012456764669702	0.08943993986702915
UNG_boot.127	0.188210918167928	4.85e-321	0.1432348928787369	0.5610966829830085	0.10745750597032656
UNG_boot.128	0.1902669661242393	0.05219277451551355	0.15271339510690193	0.5251746500950716	0.07965221415827371
UNG_boot.129	0.06538093816632959	1.507e-321	0.2479670636411751	0.5979656675995837	0.08868633059291162
UNG_boot.130	0.17293567417099034	0.030578863380474407	0.21148867355919884	0.5544311437210256	0.030565645168310725
UNG_boot.131	0.13995179200200236	0.12623505466870516	0.20215893498760576	0.4986287028088128	0.03302551553287391
UNG_boot.132	0.13709083916718273	0.03525605612497684	0.19179812125354206	0.5804570407808702	0.05539794267342801
UNG_boot.133	0.1615032135135184	5.003182559522989e-103	0.20490913582123496	0.5390239738759353	0.09456367678931135
UNG_boot.134	0.16589498310380277	7.154858953255241e-220	0.19003818176181225	0.5820073756187284	0.06205945951565647
UNG_boot.135	0.15081473565286382	4.632079218628733e-265	0.23870977696427606	0.5809032094875384	0.02957227789532177
UNG_boot.136	0.11813800029390824	1.645e-321	0.27474161078831016	0.5714611553809237	0.03565923353685786
UNG_boot.137	0.13955607272936527	1.723452429533155e-198	0.13226296062541457	0.6543769907774092	0.07380397586781086
UNG_boot.138	0.1574371201671306	2.337e-321	0.19557718682181938	0.5494197029726751	0.09756599003837488
UNG_boot.139	0.12804555788338898	0.0514474704266788	0.27863957193673916	0.5181961953677587	0.023671204385434217
UNG_boot.140	0.1907172847695165	0.03851834165559042	0.12669076256279363	0.5813187283403894	0.06275488267170999
UNG_boot.141	0.13485091948519431	0.024833734827854264	0.14301202280481243	0.6773497705132265	0.01995355236891246
UNG_boot.142	0.1881618407624811	0.028897087316653355	0.1881273934857853	0.5796030159198139	0.01521066251526633
UNG_boot.143	0.15206311809653938	0.015020018211366138	0.23262074052788467	0.5455436058125199	0.054752517351689976
UNG_boot.144	0.21372900353390148	0.006297766025281892	0.19148997490537353	0.5610098887572558	0.02747336677818723
UNG_boot.145	0.14574522229447273	0.003983729942909929	0.1987228101488356	0.5935189763701734	0.05802926124360815
UNG_boot.146	0.13233484349952118	4.2326630641346103e-169	0.2502857822016926	0.591832719323691	0.02554665497509521
UNG_boot.147	0.1385828364122407	2.747e-321	0.16531634473085952	0.6419316251786334	0.05416919367826642
UNG_boot.148	0.14953837768992692	1.5515147295362002e-228	0.1806070524447613	0.6014228497949505	0.06843172007036141
UNG_boot.149	0.1730416463763969	1.774e-321	0.12455594113927132	0.6652357105548219	0.03716670192950983
UNG_boot.150	0.10604411876334498	3.24e-321	0.23326833137082825	0.5358038238774266	0.12488372598840013
UNG_boot.151	0.053866518576842326	0.029488159413401445	0.3453671785162933	0.5616850323726569	0.009593111120806028
UNG_boot.152	0.1729268205546688	2.5984693180504417e-37	0.19783398463797003	0.5812185518686448	0.04802064293871651
UNG_boot.153	0.16310393824388375	1.6601438106169628e-92	0.18711468437605178	0.5505159429274143	0.09926543445265014
UNG_boot.154	0.1064742942877566	4.581279248385759e-281	0.20356388283304688	0.6624613537015909	0.027500469177605624
UNG_real	0.11803074915112495	0.07791022369722343	0.23813271596828556	0.565926311183366	3.810880054842806e-270
UNG_real.1	0.10133829842184615	0.006980727731640603	0.20861522857677567	0.6061133140584888	0.07695243121124885
UNG_real.2	0.1592165089443575	0.0017328135893998065	0.1916018384957552	0.5948344185482429	0.05261442042224458
ATP2B4_boot	0.20536269025914236	0.18722075011165992	0.5238771972815779	0.0835393623476198	1.596e-321
ATP2B4_boot.1	0.41159488761040053	0.08268407624182626	0.41752469919866486	8.25e-322	0.0881963369491083
ATP2B4_boot.2	0.327578906718188	0.12552572748765592	0.28822200734537384	0.10802136020642518	0.15065199824235712
ATP2B4_boot.3	0.32222579997285566	1.225e-321	0.46875545600784796	7.439604554585704e-286	0.20901874401929635
ATP2B4_boot.4	0.1719190955055719	0.1564022653269678	0.44801346237242456	0.18158734617644667	0.042077830618589156
ATP2B4_boot.5	0.27013396256534483	3.315e-321	0.5389643955255439	0.009485913177125471	0.18141572873198583
ATP2B4_boot.6	0.3563246370328373	0.0340842761170232	0.4567702930213302	1.1554525288718712e-68	0.1528207938288093
ATP2B4_boot.7	0.23525883177214416	0.16238640177044067	0.5066148169827422	0.09573994947467293	1.24e-321
ATP2B4_boot.8	0.3763089248060285	0.11693240098940941	0.4479773072399774	6.302535622457868e-239	0.05878136696458465
ATP2B4_boot.9	0.30642489634889203	0.1486453333062674	0.38999775820503957	0.15493201213980096	2.673e-321
ATP2B4_boot.10	0.3694754760779821	0.012753736677150164	0.5387935438967656	0.004990486717540659	0.07398675663056141
ATP2B4_boot.11	0.2831627670544935	0.04565448325552225	0.4831860061058313	0.11071010825868821	0.07728663532546462
ATP2B4_boot.12	0.20678354216574524	1.65e-321	0.6752240416197037	0.02239188687738539	0.09560052933716574
ATP2B4_boot.13	0.37262968726778534	0.02738160783404899	0.5109793364411365	7.36e-322	0.08900936845702918
ATP2B4_boot.14	0.3654840440437888	3.226e-321	0.43676655407734444	4.876946934933786e-123	0.1977494018788667
ATP2B4_boot.15	0.21248496003845316	0.14738244682087487	0.5924333648442125	0.04411680075283764	0.0035824275436218893
ATP2B4_boot.16	0.3161743055528799	0.10268385012650383	0.5093070736233856	2.222178313278282e-289	0.07183477069723072
ATP2B4_boot.17	0.3089968203888447	0.10174942989636898	0.33343165172422484	0.18240011913673007	0.07342197885383143
ATP2B4_boot.18	0.40177570594864837	0.006460523634613464	0.43389594194108505	2.498012373483488e-69	0.15786782847565303
ATP2B4_boot.19	0.3574097120032259	0.07441476639809474	0.34482385287176814	0.16002605834697767	0.06332561037993341
ATP2B4_boot.20	0.20247661904511222	0.07309555386726237	0.5686297327271568	0.0722259233910764	0.08357217096939233
ATP2B4_boot.21	0.23133302114930304	0.08363018059925471	0.5486126887082137	0.07766890395683038	0.05875520558639828
ATP2B4_boot.22	0.3090959298995385	0.109484085022645	0.36730716810042385	0.18767506028993286	0.026437756687459922
ATP2B4_boot.23	0.25894166464633245	0.09434166537802641	0.5716117038133248	0.006602708264633847	0.06850225789768252
ATP2B4_boot.24	0.18574594021183377	0.18053668960391822	0.47734061469218714	0.12105997998162506	0.03531677551043585
ATP2B4_boot.25	0.28988745855806175	0.0575292489753957	0.5825499637123448	0.05075532839560788	0.019278000358589877
ATP2B4_boot.26	0.3593176142905282	0.02693411979256161	0.5153107322177857	5.822000042067809e-100	0.09843753369912442
ATP2B4_boot.27	0.33516475573570004	1.5738107257693445e-28	0.4787565107529057	1.958888446601826e-191	0.18607873351139415
ATP2B4_boot.28	0.3308853087054065	4.25e-321	0.6045646689458591	8.370428417574303e-226	0.06455002234873439
ATP2B4_boot.29	0.1784211234601623	0.21466804792551772	0.37998056851742434	0.2269302600968957	8.7e-322
ATP2B4_boot.30	0.22031680646797333	0.18046744821416882	0.3686051928194207	0.21359932209878568	0.017011230399651342
ATP2B4_boot.31	0.27616813699849707	0.0031084253766082677	0.571378809170341	0.014481675627976014	0.13486295282657756
ATP2B4_boot.32	0.23645283661156377	0.07227384766528931	0.4682604639863168	0.15612553912602065	0.06688731261080937
ATP2B4_boot.33	0.2588064297254253	0.10608506876895361	0.4141381822930722	0.20108599634625413	0.019884322866294792
ATP2B4_boot.34	0.249391061759679	0.05762440304115666	0.5890420318485762	0.08626214464610954	0.017680358704478597
ATP2B4_boot.35	0.3081473873873645	0.06626343060246574	0.5527003178752021	1.06e-321	0.07288886413496756
ATP2B4_boot.36	0.3022407692586487	0.1432787566117354	0.3804827401896854	0.15829451838644204	0.015703215553488387
ATP2B4_boot.37	0.4143262589971214	0.05644893561964382	0.3724873839367552	0.05591807328368426	0.10081934816279542
ATP2B4_boot.38	0.3204793403352537	0.1954609749295899	0.1890071292248848	0.2732225550148482	0.021830000495423413
ATP2B4_boot.39	0.3085387227830579	0.08099518389221894	0.4582857865002088	9.570493947337022e-196	0.15218030682451428
ATP2B4_boot.40	0.29213567002568863	0.0648135334071569	0.5142674824576472	0.12878331390978365	1.9972369720851108e-10
ATP2B4_boot.41	0.2716888772662945	0.06425467675420105	0.567115244446788	1.487e-321	0.09694120153271638
ATP2B4_boot.42	0.32903402237125906	0.028088950761757398	0.5050732951091649	0.026772373267375266	0.11103135849044356
ATP2B4_boot.43	0.39522895764178484	0.0307056989212209	0.4374206367098312	0.0598454917071214	0.07679921502004161
ATP2B4_boot.44	0.3652799066317364	2.76e-321	0.47499470778780806	0.03463077712602011	0.1250946084544355
ATP2B4_boot.45	0.275287718380966	0.15015414193079002	0.34967850938184986	0.22487963030639396	1.005585548408806e-136
ATP2B4_boot.46	0.29500951313695795	0.1865629062991969	0.3175091410794355	0.16617177335511005	0.03474666612929954
ATP2B4_boot.47	0.18424508487620306	1.4851e-317	0.6687456446378863	0.05545287545472514	0.09155639503118565
ATP2B4_boot.48	0.31037825366417826	0.0104013222106208	0.5250898723707789	9.3e-322	0.15413055175442206
ATP2B4_boot.49	0.3360666289403977	0.06455536315059707	0.3940832618517036	8.3e-322	0.20529474605730172
ATP2B4_boot.50	0.27712209658131687	0.08373649518846579	0.4957195341105597	0.016614636261722875	0.12680723785793474
ATP2B4_boot.51	0.3857715512233487	0.049132197217426475	0.37644054767943813	0.0265051664805499	0.16215053739923677
ATP2B4_boot.52	0.2959992275373988	0.0916818542700906	0.38250415151174433	0.140691813448111	0.0891229532326554
ATP2B4_boot.53	0.36626977533198607	0.039765621929174995	0.420811747367723	0.0559847449929884	0.11716811037812759
ATP2B4_boot.54	0.3603678222536846	0.12348195940434128	0.38622339039823317	0.05975785978383754	0.07016896815990344
ATP2B4_boot.55	0.29086410090655923	1.73e-321	0.5476060998438228	0.05598187336261991	0.10554792588699806
ATP2B4_boot.56	0.2419374609516062	0.046322865648099114	0.5914884630773409	0.03493961785868384	0.08531159246427011
ATP2B4_boot.57	0.3425691268001239	0.09287998294778144	0.4571641701662831	0.10738672008581159	2.623e-321
ATP2B4_boot.58	0.25579142114292697	0.06003381533399433	0.5851853758164486	0.022729757988036007	0.0762596297185942
ATP2B4_boot.59	0.3051205980664543	0.14787422801299602	0.3571522730172616	0.18985290090328824	1.907e-321
ATP2B4_boot.60	0.2350304786188046	0.08732007565400977	0.5611399999572425	0.03909712664933577	0.07741231912060757
ATP2B4_boot.61	0.3538769071498352	0.08567536561481737	0.35329934194185175	0.14887528980226644	0.05827309549122924
